1.866871353928012 -0.9580959765368666 1.5889460974582938 50
1.8652335713713566 -0.9585822118321127 1.5923486482909077 50
1.8652335713713566 -0.9585822118321127 1.5923486482909077 50
1.8636141305732712 -0.9590692691640621 1.5957528547232096 50
1.8620147285954733 -0.9595572487403915 1.5991588663040128 50
1.8620147285954733 -0.9595572487403915 1.5991588663040128 50
1.8604369158549279 -0.9600462514367245 1.6025668180195165 50
1.8588820910323016 -0.9605363788733013 1.605976829729412 50
1.8588820910323016 -0.9605363788733013 1.605976829729412 50
1.8573514983479071 -0.9610277334926758 1.6093890058402363 50
1.855846227063533 -0.9615204186385511 1.6128034352031435 50
1.855846227063533 -0.9615204186385511 1.6128034352031435 50
1.8543672130222402 -0.9620145386358695 1.616220191218343 50
1.8529152420039157 -0.9625101988722705 1.6196393321247329 50
1.8529152420039157 -0.9625101988722705 1.6196393321247329 50
1.8514909546520415 -0.9630075058810377 1.6230609014507351 50
1.850094852716053 -0.9635065674256557 1.6264849286009566 50
1.850094852716053 -0.9635065674256557 1.6264849286009566 50
1.8487273063526144 -0.9640074925861021 1.629911429552972 50
1.8473885622366069 -0.9645103918470033 1.633340407639077 50
1.8473885622366069 -0.9645103918470033 1.633340407639077 50
1.8460787522469155 -0.9650153771877856 1.6367718543891494 50
1.8447979025114853 -0.9655225621749581 1.6402057504125893 50
1.8447979025114853 -0.9655225621749581 1.6402057504125893 50
1.8435459426189411 -0.9660320620566669 1.6436420662995397 50
1.8423227148288526 -0.9665439938596659 1.6470807635240376 50
1.8423227148288526 -0.9665439938596659 1.6470807635240376 50
1.8411279831381744 -0.9670584764888528 1.6505217953343003 50
1.8399614420864694 -0.967575630829524 1.653965107617883 50
1.8399614420864694 -0.967575630829524 1.653965107617883 50
1.8388227252064022 -0.96809557985251 1.657410639731875 50
1.8388227252064022 -0.96809557985251 1.657410639731875 50
1.837711413048097 -0.9686184487223533 1.660858325290568 50
1.8366270407258973 -0.9691443649087013 1.664308092905075 50
1.8366270407258973 -0.9691443649087013 1.664308092905075 50
1.8355691049536345 -0.9696734583010921 1.6677598668712021 50
1.8345370705496327 -0.9702058613273141 1.6712135678034332 50
1.8345370705496327 -0.9702058613273141 1.6712135678034332 50
1.833530376405414 -0.9707417090755314 1.674669113214224 50
1.8325484409225001 -0.9712811394203715 1.678126418038882 50
1.8325484409225001 -0.9712811394203715 1.678126418038882 50
1.831590666930055 -0.9718242931531805 1.6815853951071904 50
1.830656446102563 -0.9723713141166571 1.6850459555636066 50
1.830656446102563 -0.9723713141166571 1.6850459555636066 50
1.8297451629015173 -0.972922349344086 1.6885080092383764 50
1.8288561980684468 -0.9734775492033995 1.6919714649722593 50
1.8288561980684468 -0.9734775492033995 1.6919714649722593 50
1.8279889316987457 -0.9740370675463046 1.6954362308977866 50
1.8279889316987457 -0.9740370675463046 1.6954362308977866 50
1.8271427459269003 -0.9746010618627207 1.6989022146801043 50
1.82631702725403 -0.9751696934407833 1.7023693237204855 50
1.82631702725403 -0.9751696934407833 1.7023693237204855 50
1.8255111685483272 -0.9757431275326798 1.7058374653255732 50
1.8247245707481652 -0.9763215335265888 1.7093065468453277 50
1.8247245707481652 -0.9763215335265888 1.7093065468453277 50
1.8239566442964417 -0.9769050851250104 1.7127764757825377 50
1.8232068103332766 -0.9774939605297787 1.7162471598766016 50
1.8232068103332766 -0.9774939605297787 1.7162471598766016 50
1.82247450167255 -0.9780883426340626 1.7197185071641194 50
1.82247450167255 -0.9780883426340626 1.7197185071641194 50
1.8217591635860344 -0.9786884192216705 1.7231904260186601 50
1.8210602544170982 -0.9792943831739808 1.7266628251718807 50
1.8210602544170982 -0.9792943831739808 1.7266628251718807 50
1.8203772460441867 -0.9799064326848379 1.730135613717997 50
1.8197096242125435 -0.9805247714837566 1.7336087011034202 50
1.8197096242125435 -0.9805247714837566 1.7336087011034202 50
1.8190568887509555 -0.9811496090677916 1.737081997103203 50
1.8184185536887123 -0.9817811609424375 1.740555411785774 50
1.8184185536887123 -0.9817811609424375 1.740555411785774 50
1.8177941472864532 -0.982419648871935 1.74402885546728 50
1.8177941472864532 -0.982419648871935 1.74402885546728 50
1.817183211993174 -0.9830653011393662 1.7475022386567125 50
1.8165853043403528 -0.9837183528169309 1.7509754719928605 50
1.8165853043403528 -0.9837183528169309 1.7509754719928605 50
1.815999994782954 -0.9843790460468025 1.7544484661740032 50
1.8154268674959577 -0.9850476303329696 1.7579211318811465 50
1.8154268674959577 -0.9850476303329696 1.7579211318811465 50
1.814865520134069 -0.9857243628444702 1.7613933796955024 50
1.814315563561333 -0.9864095087304319 1.7648651200108154 50
1.814315563561333 -0.9864095087304319 1.7648651200108154 50
1.81377662155657 -0.9871033414473307 1.7683362629410582 50
1.81377662155657 -0.9871033414473307 1.7683362629410582 50
1.8132483304997935 -0.9878061430988783 1.7718067182239419 50
1.812730339044114 -0.988518204788944 1.775276395120622 50
1.812730339044114 -0.988518204788944 1.775276395120622 50
1.8122223077770299 -0.9892398269879091 1.7787452023119192 50
1.8117239088744805 -0.9899713199128382 1.7822130477913245 50
1.8117239088744805 -0.9899713199128382 1.7822130477913245 50
1.8112348257505637 -0.9907130039218361 1.7856798387550146 50
1.8107547527053978 -0.9914652099229365 1.7891454814890646 50
1.8107547527053978 -0.9914652099229365 1.7891454814890646 50
1.8102833945732426 -0.9922282797978361 1.7926098812540128 50
1.8102833945732426 -0.9922282797978361 1.7926098812540128 50
1.8098204663726667 -0.9930025668407573 1.796072942166908 50
1.8093656929602577 -0.9937884362126718 1.799534567080948 50
1.8093656929602577 -0.9937884362126718 1.799534567080948 50
1.8089188086891268 -0.9945862654110672 1.8029946574628053 50
1.808479557073231 -0.9953964447553686 1.8064531132677257 50
1.808479557073231 -0.9953964447553686 1.8064531132677257 50
1.8080476904583516 -0.9962193778880513 1.809909832812479 50
1.807622969700393 -0.9970554822913855 1.8133647126462467 50
1.807622969700393 -0.9970554822913855 1.8133647126462467 50
1.807205163851529 -0.9979051898196436 1.8168176474195359 50
1.8067940498545878 -0.9987689472464701 1.8202685297512196 50
1.8067940498545878 -0.9987689472464701 1.8202685297512196 50
1.806389412245969 -0.9996472168269646 1.8237172500938226 50
1.806389412245969 -0.9996472168269646 1.8237172500938226 50
1.8059910428672852 -1.000540476873849 1.8271636965972002 50
1.8055987405858474 -1.0014492223468898 1.8306077549707789 50
1.8055987405858474 -1.0014492223468898 1.8306077549707789 50
1.8052123110240383 -1.0023739654545059 1.8340493083445752 50
1.8048315662975696 -1.0033152362662248 1.83748823712925 50
1.8048315662975696 -1.0033152362662248 1.83748823712925 50
1.8044563247625625 -1.0042735833343353 1.8409244188755072 50
1.8040864107713563 -1.00524957432273 1.8443577281332155 50
1.8040864107713563 -1.00524957432273 1.8443577281332155 50
1.8037216544369146 -1.006243796640522 1.8477880363106984 50
1.8033618914056688 -1.007256858077553 1.8512152115347256 50
1.8033618914056688 -1.007256858077553 1.8512152115347256 50
1.8030069626386223 -1.008289387438391 1.8546391185118327 50
1.8026567142005157 -1.0093420351708062 1.858059618391711 50
1.8026567142005157 -1.0093420351708062 1.858059618391711 50
1.8023109970568423 -1.010415473984045 1.8614765686335266 50
1.8019696668784924 -1.0115103994514527 1.8648898228761752 50
1.8019696668784924 -1.0115103994514527 1.8648898228761752 50
1.801632583853798 -1.0126275305911454 1.8682992308136361 50
1.801299612507744 -1.0137676104174538 1.871704638076765 50
1.801299612507744 -1.0137676104174538 1.871704638076765 50
1.8009706215281074 -1.0149314064547952 1.875105886123069 50
1.8006454835982901 -1.0161197112044162 1.8785028121362266 50
1.8006454835982901 -1.0161197112044162 1.8785028121362266 50
1.800324075236605 -1.0173333425531115 1.8818952489373675 50
1.8000062766417808 -1.0185731441115353 1.8852830249103967 50
1.8000062766417808 -1.0185731441115353 1.8852830249103967 50
1.7996919715444537 -1.0198399854680824 1.8886659639439582 50
1.799381047064414 -1.0211347623424984 1.8920438853929606 50
1.799381047064414 -1.0211347623424984 1.8920438853929606 50
1.7990733935733851 -1.022458396621406 1.8954166040629588 50
1.7987689045631134 -1.0238118362557649 1.898783930221081 50
1.7984674765185542 -1.0251960549979404 1.9021456696376267 50
1.7984674765185542 -1.0251960549979404 1.9021456696376267 50
1.7981690087959432 -1.0266120519535287 1.9055016236629234 50
1.7978734035055532 -1.028060850920379 1.9088515893445326 50
1.7978734035055532 -1.028060850920379 1.9088515893445326 50
1.7975805653989336 -1.029543499484388 1.9121953595904206 50
1.797290401760446 -1.0310610678386183 1.9155327233842725 50
1.797290401760446 -1.0310610678386183 1.9155327233842725 50
1.797002822302907 -1.0326146472891697 1.918863466059697 50
1.7967177390671611 -1.0342053484080238 1.9221873696406715 50
1.7964350663254094 -1.0358342987898617 1.9255042132561637 50
1.7964350663254094 -1.0358342987898617 1.9255042132561637 50
1.7961547204881285 -1.0375026403667023 1.9288137736374587 50
1.7958766200144176 -1.0392115262312014 1.9321158257072748 50
1.7956006853256183 -1.040962116916739 1.9354101432702644 50
1.7956006853256183 -1.040962116916739 1.9354101432702644 50
1.7953268387220591 -1.0427555760801275 1.9386964998149248 50
1.7950550043027786 -1.0445930655311038 1.941974669437273 50
1.7947851078880923 -1.0464757395519173 1.945244427896812 50
1.7947851078880923 -1.0464757395519173 1.945244427896812 50
1.794517076944865 -1.0484047384505752 1.9485055538152949 50
1.794250840514366 -1.0503811812929196 1.9517578300285352 50
1.7939863291425788 -1.052406157762046 1.9550010451009272 50
1.7939863291425788 -1.052406157762046 1.9550010451009272 50
1.7937234748128508 -1.0544807190989842 1.9582349950114015 50
1.7934622108807663 -1.0566058680864432 1.9614594850181397 50
1.7932024720111341 -1.0587825480482058 1.9646743317074513 50
1.7932024720111341 -1.0587825480482058 1.9646743317074513 50
1.7929441941169848 -1.061011630850843 1.9678793652296955 50
1.7926873143004738 -1.0632939039122282 1.9710744317219235 50
1.7924317707955957 -1.0656300562432133 1.9742593959129695 50
1.792177502912613 -1.068020663575068 1.977434143901958 50
1.79192445098411 -1.0704661726560292 1.9805985860956017 50
1.79192445098411 -1.0704661726560292 1.9805985860956017 50
1.7916725563125828 -1.072966884835546 1.9837526602832232 50
1.7914217611194847 -1.0755229390942875 1.9868963348211808 50
1.7911720084956397 -1.0781342947211614 1.990029611890406 50
1.7909232423529515 -1.080800713884602 1.9931525307822107 50
1.790675407377328 -1.0835217443929273 1.9962651711586166 50
1.7904284489827502 -1.0862967029859434 1.9993676562244997 50
1.7904284489827502 -1.0862967029859434 1.9993676562244997 50
1.7901823132664128 -1.0891246595450286 2.0024601557402115 50
1.7899369469648676 -1.092004422649072 2.005542888795496 50
1.7896922974111054 -1.0949345269359576 2.0086161262590134 50
1.7894483124925067 -1.0979132227505743 2.011680192813187 50
1.789204940609603 -1.1009384685673536 2.014735468482026 50
1.788962130635583 -1.1040079266649738 2.0177823895606566 50
1.7887198318764883 -1.1071189625004563 2.0208214488600253 50
1.7884779940320343 -1.1102686481774278 2.023853195189079 50
1.7882365671570046 -1.1134537703279317 2.0268782320098713 50
1.7879955016231592 -1.1166708426292054 2.029897215218542 50
1.7877547480816032 -1.119916123058217 2.0329108500266693 50
1.7875142574255614 -1.123185635851042 2.035919886942515 50
1.7872739807535056 -1.1264751979865066 2.038925116879321 50
1.7870338693325825 -1.1297804498605717 2.0419273654468233 50
1.786793874562289 -1.1330968896673088 2.044927486511175 50
1.7865539479383472 -1.1364199108623179 2.047926355135948 50
1.7863140410167222 -1.139744841963212 2.05092486004119 50
1.786074105377739 -1.1430669878468305 2.053923895737222 50
1.7858340925902425 -1.1463816716402038 2.0569243545036926 50
1.7855939541757548 -1.1496842762761155 2.0599271183914074 50
1.7853536415725753 -1.1529702847962044 2.0629330514241935 50
1.7851131060997765 -1.1562353185341678 2.065942992170486 50
1.784872298921045 -1.1594751723956365 2.0689577468399185 50
1.7846311710083151 -1.162685846564343 2.071978083039865 50
1.7843896731051438 -1.1658635740993137 2.07500472430188 50
1.7841477556897785 -1.1690048440369594 2.0780383454598272 50
1.783905368937862 -1.1721064197667268 2.0810795689317407 50
1.7836624626847228 -1.1751653526013117 2.0841289619278074 50
1.783418986387199 -1.1781789906051252 2.0871870345786436 50
1.783418986387199 -1.1781789906051252 2.0871870345786436 50
1.7831748890849364 -1.1811449828718465 2.0902542389525736 50
1.7829301193611111 -1.1840612795491734 2.0933309689087882 50
1.7826846253025153 -1.18692612799367 2.0964175607156776 50
1.7824383544589502 -1.1897380654999128 2.099514294350595 50
1.7821912538018658 -1.1924959090863863 2.1026213953887813 50
1.7819432696821884 -1.1951987428374362 2.1057390373849216 50
1.7816943477872706 -1.1978459032985422 2.1088673446503723 50
1.7814444330969024 -1.2004369634043028 2.112006395331888 50
1.7814444330969024 -1.2004369634043028 2.112006395331888 50
1.7811934698383154 -1.202971715388167 2.115156224703089 50
1.7809414014401135 -1.205450153083434 2.1183168285872482 50
1.7806881704850597 -1.207872453979525 2.1214881668386587 50
1.7804337186616452 -1.2102389613488223 2.124670166819233 50
1.7801779867143697 -1.212550166709877 2.127862726816683 50
1.7801779867143697 -1.212550166709877 2.127862726816683 50
1.779920914392651 -1.214806692844412 2.131065719360135 50
1.7796624403982897 -1.2170092775398091 2.1342789943981204 50
1.7794025023313995 -1.2191587581866843 2.1375023823122747 50
1.7791410366347256 -1.2212560573233926 2.140735696747634 50
1.7791410366347256 -1.2212560573233926 2.140735696747634 50
1.778877978536256 -1.2233021691862243 2.143978737247091 50
1.7786132619900377 -1.2252981472957112 2.1472312916832843 50
1.7783468196150995 -1.2272450930857606 2.150493138486009 50
1.7783468196150995 -1.2272450930857606 2.150493138486009 50
1.7780785826323877 -1.2291441455629832 2.1537640486671763 50
1.7778084807996057 -1.2309964719682447 2.157043787648473 50
1.7775364423438573 -1.2328032594007048 2.160332116899297 50
1.7775364423438573 -1.2328032594007048 2.160332116899297 50
1.777262393891979 -1.234565707355981 2.1636287953943203 50
1.7769862603984496 -1.2362850211241379 2.166933580901266 50
1.7767079650707578 -1.2379624059895287 2.170246231110258 50
1.7767079650707578 -1.2379624059895287 2.170246231110258 50
1.776427429292102 -1.2395990621727089 2.173566504616509 50
1.7761445725413 -1.241196180454336 2.176894161768184 50
1.7761445725413 -1.241196180454336 2.176894161768184 50
1.7758593123097708 -1.2427549384218521 2.1802289653911346 50
1.7755715640154537 -1.244276497281528 2.1835706814018576 50
1.7752812409135228 -1.2457619991809108 2.1869190793195474 50
1.7752812409135228 -1.2457619991809108 2.1869190793195474 50
1.7749882540037487 -1.2472125649896313 2.1902739326875467 50
1.7746925119343544 -1.2486292924897584 2.1936350194138514 50
1.7746925119343544 -1.2486292924897584 2.1936350194138514 50
1.774393920902211 -1.2500132549302867 2.1970021220396663 50
1.7740923845492065 -1.2513654999038002 2.200375027944306 50
1.7740923845492065 -1.2513654999038002 2.200375027944306 50
1.7737878038546226 -1.2526870485068007 2.2037535294940604 50
1.7734800770233468 -1.253978894748547 2.207137424141968 50
1.7734800770233468 -1.253978894748547 2.207137424141968 50
1.7731690993697393 -1.2552420051764848 2.210526514484808 50
1.7728547631969767 -1.2564773186894163 2.21392060828299 50
1.7728547631969767 -1.2564773186894163 2.21392060828299 50
1.7725369576716796 -1.257685746512453 2.217319518448467 50
1.7722155686936385 -1.2588681723104882 2.2207230630052406 50
1.7722155686936385 -1.2588681723104882 2.2207230630052406 50
1.7718904787604373 -1.2600254524194237 2.224131065026542 50
1.77156156682678 -1.2611584161766816 2.22754335255231 50
1.77156156682678 -1.2611584161766816 2.22754335255231 50
1.7712287081583162 -1.2622678663346407 2.2309597584901693 50
1.770891774179764 -1.263354579542543 2.234380120502732 50
1.770891774179764 -1.263354579542543 2.234380120502732 50
1.7705506323171236 -1.2644193068841565 2.237804280883701 50
1.7702051458337777 -1.2654627744600486 2.2412320864249398 50
1.7702051458337777 -1.2654627744600486 2.2412320864249398 50
1.769855173660277 -1.2664856840047287 2.2446633882764027 50
1.7695005702176063 -1.267488713530186 2.248098041800555 50
1.7695005702176063 -1.267488713530186 2.248098041800555 50
1.769141185233739 -1.2684725179884753 2.251535906422709 50
1.7687768635532877 -1.2694377299470099 2.25497684547848 50
1.7687768635532877 -1.2694377299470099 2.25497684547848 50
1.7684074449400715 -1.2703849602711146 2.2584207260594207 50
1.768032763872433 -1.2713147988091809 2.2618674188577006 50
1.768032763872433 -1.2713147988091809 2.2618674188577006 50
1.7676526493311477 -1.27222781507647 2.265316798010602 50
1.767266924579797 -1.2731245589342217 2.2687687409454482 50
1.767266924579797 -1.2731245589342217 2.2687687409454482 50
1.7668754069374883 -1.2740055612612697 2.2722231282255008 50
1.7664779075438453 -1.2748713346158442 2.2756798433972554 50
1.7664779075438453 -1.2748713346158442 2.2756798433972554 50
1.7660742311162152 -1.2757223738856487 2.279138772839503 50
1.7660742311162152 -1.2757223738856487 2.279138772839503 50
1.7656641756990903 -1.2765591569246697 2.2825998056144434 50
1.7652475324057813 -1.2773821451754868 2.2860628333210853 50
1.7652475324057813 -1.2773821451754868 2.2860628333210853 50
1.7648240851524415 -1.2781917842761272 2.2895277499511266 50
1.7643936103846083 -1.2789885046507439 2.2929944517474556 50
1.7643936103846083 -1.2789885046507439 2.2929944517474556 50
1.763955876796502 -1.2797727220835984 2.2964628370653957 50
1.763510645043418 -1.2805448382760092 2.2999328062367774 50
1.763510645043418 -1.2805448382760092 2.2999328062367774 50
1.7630576674476472 -1.2813052413860664 2.303404261436918 50
1.7630576674476472 -1.2813052413860664 2.303404261436918 50
1.7625966876984893 -1.2820543065510512 2.3068771065545586 50
1.7621274405470495 -1.2827923963925956 2.3103512470648195 50
1.7621274405470495 -1.2827923963925956 2.3103512470648195 50
1.7616496514966848 -1.2835198615047154 2.3138265899052146 50
1.761163036490135 -1.2842370409249206 2.317303043354784 50
1.761163036490135 -1.2842370409249206 2.317303043354784 50
1.7606673015945904 -1.2849442625886696 2.3207805169163995 50
1.760162142686184 -1.2856418437674861 2.324258921202319 50
1.760162142686184 -1.2856418437674861 2.324258921202319 50
1.7596472451356622 -1.2863300914910976 2.327738167823076 50
1.7596472451356622 -1.2863300914910976 2.327738167823076 50
1.7591222834972993 -1.287009302953984 2.331218169279823 50
1.7585869212034617 -1.2876797659067556 2.334698838860258 50
1.7585869212034617 -1.2876797659067556 2.334698838860258 50
1.758040810267621 -1.288341759032792 2.33818009053832 50
1.7574835909990498 -1.2889955523105914 2.341661838877849 50
1.7574835909990498 -1.2889955523105914 2.341661838877849 50
1.7569148917329291 -1.2896414073622877 2.3451439989404803 50
1.7563343285801427 -1.290279577788793 2.3486264861980635 50
1.7563343285801427 -1.290279577788793 2.3486264861980635 50
1.7557415052016496 -1.2909103094920316 2.352109216449978 50
1.7557415052016496 -1.2909103094920316 2.352109216449978 50
1.755136012613007 -1.2915338409847252 2.355592105745762 50
1.75451742902537 -1.2921504036881863 2.3590750703135526 50
1.75451742902537 -1.2921504036881863 2.3590750703135526 50
1.7538853197301338 -1.2927602222185717 2.362558026494908 50
1.7532392370352932 -1.2933635146620406 2.366040890686671 50
1.7532392370352932 -1.2933635146620406 2.366040890686671 50
1.752578720262609 -1.2939604928392532 2.3695235792906226 50
1.752578720262609 -1.2939604928392532 2.3695235792906226 50
1.751903295815758 -1.2945513625596357 2.3730060086717835 50
1.751212477330829 -1.2951363238658269 2.3764880951263243 50
1.751212477330829 -1.2951363238658269 2.3764880951263243 50
1.7505057659218077 -1.2957155712687134 2.3799697548601713 50
1.7497826505350491 -1.2962892939734434 2.383450903979515 50
1.7497826505350491 -1.2962892939734434 2.383450903979515 50
1.749042608428185 -1.2968576760968042 2.38693145849457 50
1.7482851057904198 -1.2974208968763303 2.3904113343380677 50
1.7482851057904198 -1.2974208968763303 2.3904113343380677 50
1.7475095985227391 -1.2979791308715012 2.3938904474001177 50
1.7475095985227391 -1.2979791308715012 2.3938904474001177 50
1.7467155331981452 -1.2985325481573753 2.397368713581214 50
1.7459023482236333 -1.2990813145109916 2.4008460488653167 50
1.7459023482236333 -1.2990813145109916 2.4008460488653167 50
1.7450694752271736 -1.2996255915908637 2.404322369415088 50
1.7442163406944289 -1.300165537109874 2.407797591691484 50
1.7442163406944289 -1.300165537109874 2.407797591691484 50
1.7433423678812467 -1.3007013050018705 2.411271632600053 50
1.7433423678812467 -1.3007013050018705 2.411271632600053 50
1.7424469790290384 -1.3012330455822518 2.4147444096663646 50
1.7415295979109062 -1.301760905702818 2.4182158412430983 50
1.7415295979109062 -1.301760905702818 2.4182158412430983 50
1.7405896527366858 -1.3022850289011565 2.4216858467513314 50
1.7396265794448094 -1.3028055555448157 2.425154346958564 50
1.7396265794448094 -1.3028055555448157 2.425154346958564 50
1.7386398254079105 -1.3033226229705188 2.428621264295937 50
1.7376288535772157 -1.3038363656186507 2.4320865232169315 50
1.7376288535772157 -1.3038363656186507 2.4320865232169315 50
1.736593147087821 -1.304346915163249 2.435550050599602 50
1.735532214342723 -1.304854400637718 2.4390117761939973 50
1.735532214342723 -1.304854400637718 2.4390117761939973 50
1.734445594587765 -1.3053589485564787 2.442471633115945 50
1.734445594587765 -1.3053589485564787 2.442471633115945 50
1.7333328639822605 -1.3058606830327557 2.4459295583877 50
1.732193642160758 -1.3063597258926998 2.449385493525142 50
1.732193642160758 -1.3063597258926998 2.449385493525142 50
1.7310275992700705 -1.306856196786033 2.4528393851701744 50
1.7298344634521503 -1.3073502132933976 2.4562911857657768 50
1.7298344634521503 -1.3073502132933976 2.4562911857657768 50
1.7286140287276095 -1.3078418910305856 2.459740854269721 50
1.7273661632166961 -1.3083313437498154 2.4631883569013406 50
1.7273661632166961 -1.3083313437498154 2.4631883569013406 50
1.726090817614479 -1.3088186834382198 2.466633667913898 50
1.7247880338151877 -1.3093040204137025 2.4700767703831135 50
1.7247880338151877 -1.3093040204137025 2.4700767703831135 50
1.7234579535575805 -1.3097874634183126 2.4735176570002713 50
1.7221008269395301 -1.3102691197092873 2.476956330856117 50
1.7221008269395301 -1.3102691197092873 2.476956330856117 50
1.7207170206266742 -1.3107490951479006 2.4803928061995704 50
1.7207170206266742 -1.3107490951479006 2.4803928061995704 50
1.7193070255580332 -1.3112274942862596 2.4838271091531734 50
1.7178714639323331 -1.3117044204521777 2.4872592783653347 50
1.7178714639323331 -1.3117044204521777 2.4872592783653347 50
1.716411095243838 -1.312179975832256 2.490689365577914 50
1.7149268211274058 -1.3126542615532992 2.4941174360866927 50
1.7149268211274058 -1.3126542615532992 2.4941174360866927 50
1.71341968877085 -1.3131273777621844 2.497543569071935 50
1.7118908926600052 -1.3135994237043072 2.5009678577767036 50
1.7118908926600052 -1.3135994237043072 2.5009678577767036 50
1.710341774439437 -1.314070497800716 2.5043904095119816 50
1.7087738207003675 -1.314540697724051 2.507811345470085 50
1.7087738207003675 -1.314540697724051 2.507811345470085 50
1.7071886585474385 -1.3150101204733966 2.5112308003313224 50
1.7055880488470283 -1.3154788624481581 2.514648921653422 50
1.7055880488470283 -1.3154788624481581 2.514648921653422 50
1.7039738771208754 -1.315947019521067 2.5180658690387645 50
1.7023481421177473 -1.31641468711042 2.5214818130808054 50
1.7023481421177473 -1.31641468711042 2.5214818130808054 50
1.7007129421701224 -1.316881960251657 2.5248969340979763 50
1.6990704595188755 -1.3173489336683766 2.528311420670552 50
1.6990704595188755 -1.3173489336683766 2.528311420670552 50
1.6974229428628964 -1.3178157018428915 2.531725468003066 50
1.6957726884582924 -1.3182823590864239 2.5351392761414826 50
1.6957726884582924 -1.3182823590864239 2.5351392761414826 50
1.6941220201493312 -1.3187489996090382 2.5385530480801064 50
1.6924732687569826 -1.31921571758941 2.5419669877977453 50
1.6924732687569826 -1.31921571758941 2.5419669877977453 50
1.690828751278004 -1.3196826072445287 2.545381298265701 50
1.6891907503561936 -1.3201497628994332 2.5487961794714655 50
1.6891907503561936 -1.3201497628994332 2.5487961794714655 50
1.6875614944770712 -1.320617279057075 2.5522118265015368 50
1.685943139308524 -1.3210852504684103 2.555628427724485 50
1.685943139308524 -1.3210852504684103 2.555628427724485 50
1.6843377505646626 -1.3215537722028163 2.559046163111506 50
1.6827472887111667 -1.3220229397189331 2.5624652027263735 50
1.6827472887111667 -1.3220229397189331 2.5624652027263735 50
1.6811735957613565 -1.3224928489360281 2.565885705410351 50
1.6796183843371661 -1.3229635963059867 2.5693078176805346 50
1.6796183843371661 -1.3229635963059867 2.5693078176805346 50
1.6780832290922858 -1.3234352788860289 2.572731672852746 50
1.6765695605199022 -1.3239079944122558 2.5761573903928485 50
1.6765695605199022 -1.3239079944122558 2.5761573903928485 50
1.6750786610981683 -1.3243818413741313 2.5795850754935077 50
1.673611663665505 -1.3248569190900048 2.583014818867356 50
1.673611663665505 -1.3248569190900048 2.583014818867356 50
1.6721695518670592 -1.3253333277837849 2.5864466967423523 50
1.670753162474198 -1.325811168662873 2.5898807710410527 50
1.670753162474198 -1.325811168662873 2.5898807710410527 50
1.6693631893511547 -1.3262905439974741 2.5933170897225524 50
1.6680001888264777 -1.3267715572013952 2.596755687264001 50
1.6680001888264777 -1.3267715572013952 2.596755687264001 50
1.6666645862208398 -1.3272543129144563 2.6001965852577795 50
1.6653566832857216 -1.327738917086632 2.6036397931004998 50
1.6653566832857216 -1.327738917086632 2.6036397931004998 50
1.6640766663179303 -1.328225477064052 2.607085308750861 50
1.6640766663179303 -1.328225477064052 2.607085308750861 50
1.662824614731168 -1.3287141016769866 2.610533119534827 50
1.6616005098863036 -1.329204901329954 2.6139832029785084 50
1.6616005098863036 -1.329204901329954 2.6139832029785084 50
1.6604042440050772 -1.3296979880940845 2.617435527651309 50
1.6592356290163388 -1.3301934758018816 2.6208900540042475 50
1.6592356290163388 -1.3301934758018816 2.6208900540042475 50
1.6580944052084403 -1.3306914801445318 2.6243467351907492 50
1.6569802495851802 -1.3311921187719065 2.627805517859519 50
1.6569802495851802 -1.3311921187719065 2.627805517859519 50
1.6558927838450235 -1.3316955113954194 2.631266342911328 50
1.6548315819237531 -1.332201779893898 2.6347291462135485 50
1.6548315819237531 -1.332201779893898 2.6347291462135485 50
1.6537961770589258 -1.332711048422636 2.638193859268105 50
1.6537961770589258 -1.332711048422636 2.638193859268105 50
1.6527860683503954 -1.3332234435258028 2.641660409830082 50
1.6518007268046988 -1.333739094252388 2.6451287224755955 50
1.6518007268046988 -1.333739094252388 2.6451287224755955 50
1.6508396008623578 -1.334258132275869 2.648598719118664 50
1.6499021214162848 -1.3347806920177956 2.652070319477743 50
1.6499021214162848 -1.3347806920177956 2.652070319477743 50
1.648987706336667 -1.3353069107754898 2.655543441493306 50
1.6480957645231704 -1.3358369288540728 2.6590180016984215 50
1.6480957645231704 -1.3358369288540728 2.6590180016984215 50
1.6472256995092613 -1.336370889703034 2.662493915544674 50
1.6472256995092613 -1.336370889703034 2.662493915544674 50
1.646376912646113 -1.336908940057565 2.665971097686052 50
1.6455488058951615 -1.3374512300848946 2.6694494622235996 50
1.6455488058951615 -1.3374512300848946 2.6694494622235996 50
1.6447407842590873 -1.3379979135358635 2.672928922913692 50
1.6439522578809977 -1.3385491479019904 2.6764093933428175 50
1.6439522578809977 -1.3385491479019904 2.6764093933428175 50
1.6431826438410386 -1.33910509457829 2.6798907870716837 50
1.6424313676786861 -1.3396659190321116 2.683373017751377 50
1.6424313676786861 -1.3396659190321116 2.683373017751377 50
1.6416978646676936 -1.340231790978275 2.686855999214177 50
1.6416978646676936 -1.340231790978275 2.686855999214177 50
1.6409815808691726 -1.340802884560797 2.6903396455414885 50
1.6402819739866608 -1.3413793785415025 2.6938238711111735 50
1.6402819739866608 -1.3413793785415025 2.6938238711111735 50
1.6395985140453349 -1.3419614564958313 2.69730859062642 50
1.6389306839158013 -1.3425493070161592 2.7007937191280926 50
1.6389306839158013 -1.3425493070161592 2.7007937191280926 50
1.6382779797012006 -1.3431431239229596 2.704279171992359 50
1.6382779797012006 -1.3431431239229596 2.704279171992359 50
1.6376399110047033 -1.3437431064841485 2.7077648649152 50
1.637016001092889 -1.344349459642955 2.7112507138852715 50
1.637016001092889 -1.344349459642955 2.7112507138852715 50
1.6364057869689939 -1.3449623942546807 2.714736635146428 50
1.6358088193685996 -1.3455821273327087 2.718222545151072 50
1.6358088193685996 -1.3455821273327087 2.718222545151072 50
1.6352246626890188 -1.3462088823041405 2.721708360505372 50
1.6346528948624188 -1.34684288927544 2.7251939979072577 50
1.6346528948624188 -1.34684288927544 2.7251939979072577 50
1.634093107181602 -1.3474843853084728 2.72867937407801 50
1.634093107181602 -1.3474843853084728 2.72867937407801 50
1.6335449040863437 -1.3481336147073342 2.7321644056881302 50
1.6330079029172544 -1.3487908293163635 2.7356490092781174 50
1.6330079029172544 -1.3487908293163635 2.7356490092781174 50
1.632481733643297 -1.3494562888297401 2.7391331011746667 50
1.6319660385683217 -1.3501302611130626 2.742616597402752 50
1.6319660385683217 -1.3501302611130626 2.742616597402752 50
1.6314604720213082 -1.3508130225373025 2.7460994135939747 50
1.6314604720213082 -1.3508130225373025 2.7460994135939747 50
1.630964700034386 -1.3515048583255247 2.749581464891506 50
1.6304784000121628 -1.3522060629127495 2.7530626658518997 50
1.6304784000121628 -1.3522060629127495 2.7530626658518997 50
1.6300012603953997 -1.3529169403193257 2.7565429303440125 50
1.6295329803216474 -1.353637804538157 2.7600221714452133 50
1.6295329803216474 -1.353637804538157 2.7600221714452133 50
1.6290732692850678 -1.3543689799361056 2.763500301335052 50
1.6290732692850678 -1.3543689799361056 2.763500301335052 50
1.6286218467973348 -1.3551108016698625 2.7669772311865177 50
1.6281784420512064 -1.3558636161165358 2.770452871054996 50
1.6281784420512064 -1.3558636161165358 2.770452871054996 50
1.6277427935881001 -1.356627781319161 2.773927129765023 50
1.6273146489707768 -1.357403667447279 2.777399914794922 50
1.6273146489707768 -1.357403667447279 2.777399914794922 50
1.6268937644620356 -1.3581916572726593 2.7808711321593926 50
1.6264799047101495 -1.3589921466601624 2.7843406862901374 50
1.6264799047101495 -1.3589921466601624 2.7843406862901374 50
1.6260728424416204 -1.359805545073635 2.7878084799145992 50
1.6260728424416204 -1.359805545073635 2.7878084799145992 50
1.6256723581616987 -1.3606322760966236 2.791274413932899 50
1.6252782398630021 -1.36147277796755 2.7947383872930764 50
1.6252782398630021 -1.36147277796755 2.7947383872930764 50
1.6248902827424685 -1.36232750412884 2.798200296864752 50
1.6245082889267968 -1.3631969237893118 2.80166003731136 50
1.6245082889267968 -1.3631969237893118 2.80166003731136 50
1.6241320672064534 -1.3640815224989205 2.805117500961129 50
1.623761432778269 -1.3649818027347143 2.808572577677026 50
1.623761432778269 -1.3649818027347143 2.808572577677026 50
1.6233962069965906 -1.3658982844965741 2.812025154725925 50
1.6230362171329176 -1.3668315059109912 2.8154751166473226 50
1.6230362171329176 -1.3668315059109912 2.8154751166473226 50
1.622681296143912 -1.3677820238407696 2.8189223451219716 50
1.6223312824476435 -1.368750414498122 2.8223667188408936 50
1.6223312824476435 -1.368750414498122 2.8223667188408936 50
1.621986019707906 -1.3697372740581524 2.8258081133752992 50
1.621986019707906 -1.3697372740581524 2.8258081133752992 50
1.6216453566264262 -1.3707432192691789 2.829246401048051 50
1.6213091467427632 -1.3717688880557368 2.8326814508074114 50
1.6213091467427632 -1.3717688880557368 2.8326814508074114 50
1.620977248241693 -1.372814940109414 2.836113128103932 50
1.6206495237678602 -1.3738820574618893 2.8395412947714953 50
1.6206495237678602 -1.3738820574618893 2.8395412947714953 50
1.6203258402474712 -1.3749709450336716 2.8429658089136596 50
1.6200060687168045 -1.3760823311510544 2.8463865247966473 50
1.6200060687168045 -1.3760823311510544 2.8463865247966473 50
1.6196900841573076 -1.3772169680227062 2.8498032927505017 50
1.6193777653370496 -1.3783756321660896 2.8532159590801647 50
1.6193777653370496 -1.3783756321660896 2.8532159590801647 50
1.6190689946583032 -1.3795591247725512 2.856624365988465 50
1.6187636580110287 -1.3807682719984118 2.860028351513277 50
1.6187636580110287 -1.3807682719984118 2.860028351513277 50
1.6184616446320355 -1.382003925167733 2.863427749481407 50
1.6181628469696032 -1.3832669608706105 2.8668223894820866 50
1.6181628469696032 -1.3832669608706105 2.8668223894820866 50
1.617867160553346 -1.3845582809388521 2.870212096863312 50
1.6175744838691088 -1.3858788122787273 2.8735966927546515 50
1.6175744838691088 -1.3858788122787273 2.8735966927546515 50
1.617284718238694 -1.3872295065381324 2.8769759941205626 50
1.6169977677042127 -1.388611339582993 2.8803498138487074 50
1.6167135389168727 -1.3900253107550393 2.883717960878238 50
1.6167135389168727 -1.3900253107550393 2.883717960878238 50
1.6164319410300119 -1.3914724418802473 2.887080240373524 50
1.6161528855961942 -1.392953775994279 2.8904364539493232 50
1.6161528855961942 -1.392953775994279 2.8904364539493232 50
1.6158762864681953 -1.3944703757481816 2.8937863999539535 50
1.615602059703703 -1.3960233214545097 2.897129873817557 50
1.615602059703703 -1.3960233214545097 2.897129873817557 50
1.6153301234735733 -1.3976137087309304 2.900466668473128 50
1.6150603979734781 -1.3992426456953873 2.9037965748584886 50
1.6147928053387963 -1.400911249664106 2.907119382507916 50
1.6147928053387963 -1.400911249664106 2.907119382507916 50
1.6145272695625976 -1.4026206433012698 2.9104348802425606 50
1.6142637164165798 -1.4043719501672294 2.9137428569691655 50
1.614002073374821 -1.4061662896108373 2.9170431025968266 50
1.614002073374821 -1.4061662896108373 2.9170431025968266 50
1.6137422695402168 -1.4080047709511267 2.9203354090816385 50
1.6134842355734746 -1.4098884868943597 2.9236195716089384 50
1.6134842355734746 -1.4098884868943597 2.9236195716089384 50
1.6132279036245456 -1.4118185061347557 2.9268953899224983 50
1.6129732072663754 -1.4137958650912985 2.930162669809321 50
1.612720081430862 -1.4158215587392948 2.9334212247476352 50
1.612720081430862 -1.4158215587392948 2.9334212247476352 50
1.612468462346912 -1.4178965305042004 2.9366708777241626 50
1.6122182874804931 -1.4200216611970584 2.9399114632246928 50
1.6119694954765786 -1.4221977569860984 2.9431428293993633 50
1.6117220261028926 -1.4244255364180067 2.946364840400746 50
1.6117220261028926 -1.4244255364180067 2.946364840400746 50
1.6114758201953594 -1.4267056165254173 2.9495773788888124 50
1.6112308196051683 -1.4290384980844915 2.952780348692065 50
1.61098696714737 -1.4314245501181577 2.9559736776085312 50
1.6107442065509172 -1.4338639937765316 2.9591573203239645 50
1.6107442065509172 -1.4338639937765316 2.9591573203239645 50
1.6105024824100747 -1.436356885765888 2.962331261417508 50
1.610261740137116 -1.4389031015406397 2.965495518417373 50
1.6100219259162372 -1.4415023185180633 2.968650144860933 50
1.6097829866586106 -1.4441539996215806 2.9717952333052597 50
1.6095448699585129 -1.4468573775034193 2.9749309182258705 50
1.6093075240504569 -1.4496114398391298 2.9780573787336833 50
1.6093075240504569 -1.4496114398391298 2.9780573787336833 50
1.6090708977672623 -1.4524149161221158 2.981174841033365 50
1.6088349404990026 -1.455266266413039 2.9842835805409416 50
1.6085996021527644 -1.4581636725135914 2.9873839235752633 50
1.6083648331131615 -1.46110503203356 2.9904762485372687 50
1.608130584203541 -1.4640879558015045 2.99356098649351 50
1.6078968066478292 -1.4671097690304244 2.996638621086526 50
1.607663452032957 -1.4701675165890113 2.9997096877047222 50
1.6074304722718127 -1.473257972646151 3.0027747718585522 50
1.6071978195666674 -1.4763776548522596 3.005834506727895 50
1.6071978195666674 -1.4763776548522596 3.005834506727895 50
1.6069654463730207 -1.4795228430983858 3.0088895698671903 50
1.6067333053638144 -1.482689602756962 3.011940679079472 50
1.6065013493939642 -1.4858738121622805 3.014988587496937 50
1.606269531465158 -1.489071193941131 3.0180340779329478 50
1.6060378046908717 -1.492277349662287 3.021077956596924 50
1.605806122261552 -1.4954877971456921 3.024121046288053 50
1.6055744374099197 -1.49869800966593 3.0271641792046022 50
1.6053427033763412 -1.5019034562065527 3.0302081895216104 50
1.6051108733742232 -1.505099641877139 3.0332539058997976 50
1.60487890055538 -1.5082821475965498 3.036302144091987 50
1.6046467379753253 -1.5114466681743948 3.0393536998099377 50
1.60441433855844 -1.5145890479863797 3.0424093420044227 50
1.6041816550629673 -1.5177053135339507 3.0454698066952814 50
1.6039486400457863 -1.520791702298504 3.0485357914670694 50
1.6037152458269128 -1.5238446874381264 3.051607950721064 50
1.6037152458269128 -1.5238446874381264 3.051607950721064 50
1.6034814244536795 -1.5268609980223564 3.0546868917472696 50
1.6032471276645428 -1.5298376346497833 3.057773171652184 50
1.603012306852467 -1.5327718804369335 3.060867295150878 50
1.6027769130278307 -1.5356613074984249 3.0639697132066983 50
1.6025408967808044 -1.5385037791527667 3.067080822479605 50
1.6023042082431458 -1.541297448182041 3.070200965525565 50
1.6020667970493536 -1.5440407515452026 3.0733304316749606 50
1.601828612297128 -1.546732401993598 3.0764694585077486 50
1.601828612297128 -1.546732401993598 3.0764694585077486 50
1.601589602507076 -1.5493713770645094 3.079618233837034 50
1.6013497155816045 -1.551956905936092 3.0827768981104384 50
1.6011088987629394 -1.5544884546177018 3.0859455471396897 50
1.6008670985902065 -1.556965709926417 3.0891242350726684 50
1.6006242608555128 -1.559388562666789 3.0923129775280827 50
1.6006242608555128 -1.559388562666789 3.0923129775280827 50
1.600380330558959 -1.5617570903896822 3.0955117548204356 50
1.6001352518625147 -1.5640715400603789 3.0987205152114123 50
1.5998889680426875 -1.5663323109184752 3.1019391781327488 50
1.5996414214419106 -1.5685399377645957 3.105167637334653 50
1.5996414214419106 -1.5685399377645957 3.105167637334653 50
1.5993925534185744 -1.5706950748632469 3.108405763922566 50
1.5991423042956243 -1.5727984806084854 3.1116534092532406 50
1.5988906133076415 -1.574851003060284 3.1149104076686047 50
1.5988906133076415 -1.574851003060284 3.1149104076686047 50
1.5986374185463257 -1.576853566425066 3.118176579052549 50
1.5983826569042912 -1.5788071585240313 3.1214517312015926 50
1.5981262640170861 -1.5807128192676105 3.1247356620053144 50
1.5981262640170861 -1.5807128192676105 3.1247356620053144 50
1.5978681742033427 -1.5825716301334567 3.1280281614365526 50
1.5976083204029585 -1.5843847046285262 3.1313290133546836 50
1.5973466341132128 -1.5861531797026223 3.134637997127906 50
1.5973466341132128 -1.5861531797026223 3.134637997127906 50
1.597083045322709 -1.5878782080708564 3.1379548890824176 50
1.5968174824430381 -1.5895609513953972 3.141279463787794 50
1.5968174824430381 -1.5895609513953972 3.141279463787794 50
1.596549872238049 -1.5912025742721962 3.144611495188823 50
1.596280139750609 -1.5928042389657022 3.147950757594601 50
1.5960082082267366 -1.5943671008335394 3.151297026535919 50
1.5960082082267366 -1.5943671008335394 3.151297026535919 50
1.5957339990369752 -1.5958923043833895 3.1546500795019514 50
1.595457431594884 -1.5973809799056031 3.1580096965670235 50
1.595457431594884 -1.5973809799056031 3.1580096965670235 50
1.595178423272507 -1.5988342406271085 3.1613756609178467 50
1.5948968893126831 -1.6002531803347924 3.164747759291132 50
1.5948968893126831 -1.6002531803347924 3.164747759291132 50
1.5946127427380514 -1.6016388714194971 3.1681257823309172 50
1.5943258942566017 -1.6029923632949872 3.1715095248743355 50
1.5943258942566017 -1.6029923632949872 3.1715095248743355 50
1.594036252163619 -1.6043146811495586 3.17489878617391 50
1.5937437222398592 -1.605606824991305 3.1782933700638263 50
1.5934482076457928 -1.6068697689513505 3.181693085076993 50
1.5934482076457928 -1.6068697689513505 3.181693085076993 50
1.5931496088117492 -1.6081044608125512 3.1850977445190947 50
1.592847823323785 -1.60931182173422 3.1885071665052416 50
1.592847823323785 -1.60931182173422 3.1885071665052416 50
1.5925427458051002 -1.6104927461463192 3.1919211739642814 50
1.592234267792818 -1.61164810178927 3.1953395946153003 50
1.592234267792818 -1.61164810178927 3.1953395946153003 50
1.5919222776099426 -1.612778729878044 3.1987622609203683 50
1.5916066602323042 -1.6138854453715255 3.202189010017134 50
1.5916066602323042 -1.6138854453715255 3.202189010017134 50
1.5912872971502985 -1.6149690373302648 3.205619683634459 50
1.5912872971502985 -1.6149690373302648 3.205619683634459 50
1.590964066225224 -1.6160302693476905 3.209054127993914 50
1.5906368415400216 -1.617069880041613 3.212492193699624 50
1.5906368415400216 -1.617069880041613 3.212492193699624 50
1.5903054932442173 -1.6180885835944576 3.2159337356186217 50
1.5899698873928712 -1.6190870703321012 3.2193786127536264 50
1.5899698873928712 -1.6190870703321012 3.2193786127536264 50
1.5896298857793374 -1.6200660073324857 3.222826688109883 50
1.5892853457616427 -1.62102603905634 3.226277828557498 50
1.5892853457616427 -1.62102603905634 3.226277828557498 50
1.5889361200822971 -1.621967787993372 3.2297319046905058 50
1.5885820566813578 -1.6228918553182201 3.233188790683718 50
1.5885820566813578 -1.6228918553182201 3.233188790683718 50
1.5882229985025753 -1.6237988215512613 3.236648364148262 50
1.587858783292468 -1.6246892472201035 3.240110505986577 50
1.587858783292468 -1.6246892472201035 3.240110505986577 50
1.5874892433921823 -1.6255636735182215 3.2435751002475115 50
1.5874892433921823 -1.6255636735182215 3.2435751002475115 50
1.5871142055220215 -1.6264226229577587 3.2470420339820647 50
1.5867334905585455 -1.6272666000140121 3.2505111971002285 50
1.5867334905585455 -1.6272666000140121 3.2505111971002285 50
1.5863469133041777 -1.6280960917595468 3.2539824822292966 50
1.5859542822492905 -1.628911568486264 3.257455784573949 50
1.5859542822492905 -1.628911568486264 3.257455784573949 50
1.585555399326781 -1.6297134843140755 3.260931001778359 50
1.5851500596592019 -1.630502277785122 3.2644080337905197 50
1.5851500596592019 -1.630502277785122 3.2644080337905197 50
1.5847380512985696 -1.6312783724427202 3.2678867827289473 50
1.5847380512985696 -1.6312783724427202 3.2678867827289473 50
1.584319154959044 -1.632042177394437 3.2713671527518833 50
1.5838931437427504 -1.6327940878588694 3.274849049929096 50
1.5838931437427504 -1.6327940878588694 3.274849049929096 50
1.58345978285911 -1.6335344856958716 3.278332382116355 50
1.5830188293381573 -1.634263739920097 3.281817058832635 50
1.5830188293381573 -1.634263739920097 3.281817058832635 50
1.5825700317384395 -1.6349822071978424 3.2853029911401115 50
1.582113129850241 -1.6356902323272735 3.288790091526983 50
1.582113129850241 -1.6356902323272735 3.288790091526983 50
1.5816478543950445 -1.636388148702194 3.2922782737931726 50
1.5816478543950445 -1.636388148702194 3.2922782737931726 50
1.5811739267223146 -1.6370762787595832 3.2957674529389607 50
1.5806910585049216 -1.637754934411184 3.2992575450566055 50
1.5806910585049216 -1.637754934411184 3.2992575450566055 50
1.5801989514347492 -1.63842441745947 3.3027484672250296 50
1.5796972969203174 -1.6390850199983498 3.306240137407664 50
1.5796972969203174 -1.6390850199983498 3.306240137407664 50
1.5791857757885603 -1.6397370247989993 3.309732474353566 50
1.5791857757885603 -1.6397370247989993 3.309732474353566 50
1.5786640579932496 -1.640380705681234 3.313225397501951 50
1.5781318023329534 -1.6410163278708445 3.316718826890322 50
1.5781318023329534 -1.6410163278708445 3.316718826890322 50
1.5775886561818684 -1.6416441483433348 3.3202126830664036 50
1.5770342552373575 -1.642264416154505 3.3237068870041444 50
1.5770342552373575 -1.642264416154505 3.3237068870041444 50
1.57646822328859 -1.6428773727583252 3.32720136002409 50
1.57646822328859 -1.6428773727583252 3.32720136002409 50
1.5758901720112974 -1.6434832523125469 3.3306960237184944 50
1.5752997007943546 -1.6440822819724958 3.3341907998815876 50
1.5752997007943546 -1.6440822819724958 3.3341907998815876 50
1.5746963966046539 -1.6446746821734857 3.3376856104455035 50
1.5740798338975885 -1.645260666902285 3.3411803774224245 50
1.5740798338975885 -1.645260666902285 3.3411803774224245 50
1.5734495745813788 -1.6458404439580636 3.3446750228536057 50
1.5734495745813788 -1.6458404439580636 3.3446750228536057 50
1.5728051680444914 -1.6464142152032357 3.3481694687660184 50
1.5721461512564932 -1.6469821768046045 3.351663637137453 50
1.5721461512564932 -1.6469821768046045 3.351663637137453 50
1.5714720489538674 -1.6475445194652072 3.355157449871037 50
1.5707823739235962 -1.6481014286472462 3.358650828780228 50
1.5707823739235962 -1.6481014286472462 3.358650828780228 50
1.5700766273986546 -1.6486530847864795 3.3621436955854658 50
1.5700766273986546 -1.6486530847864795 3.3621436955854658 50
1.5693542995809973 -1.6491996634984358 3.3656359719238016 50
1.5686148703091003 -1.6497413357768032 3.369127579372948 50
1.5686148703091003 -1.6497413357768032 3.369127579372948 50
1.5678578098886473 -1.6502782681843353 3.372618439491338 50
1.5670825801064965 -1.6508106230366 3.376108473875913 50
1.5670825801064965 -1.6508106230366 3.376108473875913 50
1.566288635449591 -1.6513385585788891 3.379597604239505 50
1.566288635449591 -1.6513385585788891 3.379597604239505 50
1.5654754245519447 -1.6518622291565968 3.383085752509807 50
1.5646423918941852 -1.6523817853793579 3.3865728409520477 50
1.5646423918941852 -1.6523817853793579 3.3865728409520477 50
1.5637889797813112 -1.6528973742792334 3.390058792317601 50
1.56291463062522 -1.6534091394632149 3.3935435300208354 50
1.56291463062522 -1.6534091394632149 3.3935435300208354 50
1.5620187895591109 -1.6539172212603115 3.3970269783465716 50
1.5620187895591109 -1.6539172212603115 3.3970269783465716 50
1.5611009074109226 -1.654421756863473 3.4005090626905283 50
1.560160444062413 -1.6549228804665919 3.403989709835088 50
1.560160444062413 -1.6549228804665919 3.403989709835088 50
1.5591968722191685 -1.6554207233968206 3.4074688482626185 50
1.5582096816145585 -1.6559154142424264 3.4109464085083907 50
1.5582096816145585 -1.6559154142424264 3.4109464085083907 50
1.557198383667272 -1.6564070789764036 3.4144223235548536 50
1.5561625166073523 -1.6568958410760501 3.417896529268618 50
1.5561625166073523 -1.6568958410760501 3.417896529268618 50
1.5551016510794096 -1.6573818216387104 3.421368964880981 50
1.5551016510794096 -1.6573818216387104 3.421368964880981 50
1.5540153962237304 -1.657865139493875 3.424839573512121 50
1.5529034062261364 -1.6583459113118266 3.428308302738259 50
1.5529034062261364 -1.6583459113118266 3.428308302738259 50
1.5517653873155253 -1.6588242517090084 3.4317751052000367 50
1.5506011051739674 -1.6593002733502884 3.435239939249141 50
1.5506011051739674 -1.6593002733502884 3.435239939249141 50
1.5494103927079963 -1.659774087048286 3.438702769628784 50
1.5481931581114199 -1.6602458018599204 3.4421635681820453 50
1.5481931581114199 -1.6602458018599204 3.4421635681820453 50
1.546949393129788 -1.6607155251803363 3.4456223145802864 50
1.546949393129788 -1.6607155251803363 3.4456223145802864 50
1.5456791814149624 -1.6611833628343544 3.4490789970619353 50
1.5443827068355906 -1.6616494191655944 3.4525336131698974 50
1.5443827068355906 -1.6616494191655944 3.4525336131698974 50
1.5430602615864422 -1.6621137971234046 3.4559861704737984 50
1.5417122539174963 -1.662576598347739 3.4594366872612383 50
1.5417122539174963 -1.662576598347739 3.4594366872612383 50
1.540339215283544 -1.663037923252108 3.462885193180367 50
1.538941806698241 -1.663497871104732 3.4663317298144873 50
1.538941806698241 -1.663497871104732 3.4663317298144873 50
1.5375208240645277 -1.6639565401080196 3.4697763511681887 50
1.536077202247663 -1.6644140274764925 3.473219124043829 50
1.536077202247663 -1.6644140274764925 3.473219124043829 50
1.5346120176593379 -1.6648704295132688 3.476660128287212 50
1.5331264891327987 -1.665325841685225 3.480099456882106 50
1.5331264891327987 -1.665325841685225 3.480099456882106 50
1.5316219768906856 -1.6657803586969409 3.483537215874985 50
1.5300999794399968 -1.666234074563539 3.4869735241140862 50
1.5300999794399968 -1.666234074563539 3.4869735241140862 50
1.5285621282722455 -1.6666870826825253 3.4904085127905877 50
1.5270101803008056 -1.6671394759047329 3.4938423247743913 50
1.5270101803008056 -1.6671394759047329 3.4938423247743913 50
1.525446008030187 -1.6675913466044707 3.4972751137425084 50
1.525446008030187 -1.6675913466044707 3.4972751137425084 50
1.5238715875212971 -1.6680427867489804 3.500707043104247 50
1.522288984289664 -1.6684938879672973 3.5041382847339975 50
1.522288984289664 -1.6684938879672973 3.5041382847339975 50
1.5207003373465766 -1.6689447416186143 3.507569017529125 50
1.5191078416622414 -1.6693954388602463 3.51099942581694 50
1.5191078416622414 -1.6693954388602463 3.51099942581694 50
1.5175137293913918 -1.6698460707152893 3.5144296976405736 50
1.5159202502515923 -1.6702967281400698 3.5178600229584855 50
1.5159202502515923 -1.6702967281400698 3.5178600229584855 50
1.5143296514796123 -1.6707475020914802 3.5212905917959443 50
1.5127441578093925 -1.6711984835942928 3.5247215923889548 50
1.5127441578093925 -1.6711984835942928 3.5247215923889548 50
1.5111659519150744 -1.6716497638085488 3.5281532093615615 50
1.5095971557442744 -1.6721014340971145 3.531585621976236 50
1.5095971557442744 -1.6721014340971145 3.531585621976236 50
1.50803981313142 -1.6725535860935012 3.5350190024942254 50
1.5064958740307794 -1.6730063117700424 3.538453514678448 50
1.5064958740307794 -1.6730063117700424 3.538453514678448 50
1.5049671806469391 -1.6734597035065253 3.5418893124660875 50
1.503455455670648 -1.673913854159373 3.545326538831746 50
1.503455455670648 -1.673913854159373 3.545326538831746 50
1.5019622927541432 -1.6743688571314748 3.548765324855247 50
1.500489149286275 -1.6748248064427635 3.552205789001331 50
1.500489149286275 -1.6748248064427635 3.552205789001331 50
1.4990373414575573 -1.6752817968016418 3.55564803661185 50
1.497608041541718 -1.6757399236773558 3.5590921596049943 50
1.497608041541718 -1.6757399236773558 3.5590921596049943 50
1.496202277265755 -1.6761992833734254 3.5625382363707954 50
1.496202277265755 -1.6761992833734254 3.5625382363707954 50
1.4948209330963933 -1.6766599731022318 3.565986331847777 50
1.4934647532379264 -1.6771220910608746 3.56943649776231 50
1.4934647532379264 -1.6771220910608746 3.56943649776231 50
1.4921343461147074 -1.6775857365084066 3.5728887730099457 50
1.4908301901003735 -1.6780510098445613 3.5763431841567224 50
1.4908301901003735 -1.6780510098445613 3.5763431841567224 50
1.4895526402542003 -1.678518012690089 3.5797997460380837 50
1.4883019358313436 -1.6789868479688188 3.583258462433467 50
1.4883019358313436 -1.6789868479688188 3.583258462433467 50
1.487078208346594 -1.6794576199915747 3.5867193267956945 50
1.485881489989007 -1.6799304345420663 3.5901823230158687 50
1.485881489989007 -1.6799304345420663 3.5901823230158687 50
1.484711722205855 -1.6804053989648873 3.5936474262063753 50
1.484711722205855 -1.6804053989648873 3.5936474262063753 50
1.483568764297355 -1.6808826222557576 3.5971146034867303 50
1.482452401887347 -1.6813622151541443 3.6005838147592177 50
1.482452401887347 -1.6813622151541443 3.6005838147592177 50
1.4813623551585506 -1.6818442902384076 3.6040550134634697 50
1.4802982867634056 -1.6823289620236193 3.6075281473012732 50
1.4802982867634056 -1.6823289620236193 3.6075281473012732 50
1.4792598093422775 -1.6828163470622062 3.611003158924863 50
1.4782464925995804 -1.6833065640475797 3.6144799865837585 50
1.4782464925995804 -1.6833065640475797 3.6144799865837585 50
1.4772578699049383 -1.6837997339209132 3.61795856472681 50
1.4772578699049383 -1.6837997339209132 3.61795856472681 50
1.4762934444008071 -1.6842959799812396 3.6214388245574853 50
1.4753526946100206 -1.6847954279990456 3.624920694541611 50
1.4753526946100206 -1.6847954279990456 3.624920694541611 50
1.474435079546639 -1.6852982063335458 3.628404100867739 50
1.4735400433414112 -1.6858044460538266 3.63188896786109 50
1.4735400433414112 -1.6858044460538266 3.63188896786109 50
1.4726670193993128 -1.6863142810640572 3.6353752183526207 50
1.471815434111207 -1.6868278482329733 3.6388627740052213 50
1.471815434111207 -1.6868278482329733 3.6388627740052213 50
1.4709847101449 -1.6873452875278452 3.6423515555993675 50
1.4709847101449 -1.6873452875278452 3.6423515555993675 50
1.4701742693429412 -1.6878667421531512 3.645841483280752 50
1.4693835352556441 -1.6883923586941836 3.649332476772548 50
1.4693835352556441 -1.6883923586941836 3.649332476772548 50
1.4686119353381628 -1.688922287265827 3.6528244555549816 50
1.4678589028401867 -1.6894566816667531 3.656317339014887 50
1.4678589028401867 -1.6894566816667531 3.656317339014887 50
1.4671238784160971 -1.6899956995392877 3.6598110465678304 50
1.4671238784160971 -1.6899956995392877 3.6598110465678304 50
1.4664063114823287 -1.6905395025352132 3.663305497755303 50
1.4657056613473443 -1.6910882564877823 3.666800612319349 50
1.4657056613473443 -1.6910882564877823 3.666800612319349 50
1.4650213981381208 -1.6916421315902233 3.6702963102568473 50
1.4643530035454357 -1.692201302581032 3.67379251185552 50
1.4643530035454357 -1.692201302581032 3.67379251185552 50
1.4636999714085854 -1.6927659489363527 3.677289137713571 50
1.4636999714085854 -1.6927659489363527 3.677289137713571 50
1.4630618081585154 -1.6933362550697568 3.6807861087447074 50
1.4624380331367113 -1.6939124105397463 3.684283346170139 50
1.4624380331367113 -1.6939124105397463 3.684283346170139 50
1.4618281788056324 -1.6944946102653087 3.687780771498988 50
1.4612317908649703 -1.695083054749866 3.6912783064984147 50
1.4612317908649703 -1.695083054749866 3.6912783064984147 50
1.4606484282865992 -1.6956779503139656 3.694775873154618 50
1.4606484282865992 -1.6956779503139656 3.694775873154618 50
1.4600776632797674 -1.6962795093370704 3.698273393625735 50
1.4595190811968468 -1.6968879505088135 3.7017707901875676 50
1.4595190811968468 -1.6968879505088135 3.7017707901875676 50
1.4589722803888292 -1.6975034990900888 3.7052679851729287 50
1.4584368720187206 -1.6981263871843537 3.708764900905322 50
1.4584368720187206 -1.6981263871843537 3.708764900905322 50
1.4579124798400382 -1.6987568540195255 3.712261459627565 50
1.4579124798400382 -1.6987568540195255 3.712261459627565 50
1.4573987399467565 -1.6993951462408565 3.7157575834258947 50
1.4568953005002747 -1.7000415182151707 3.7192531941500047 50
1.4568953005002747 -1.7000415182151707 3.7192531941500047 50
1.4564018214382761 -1.7006962323468475 3.7227482133294183 50
1.4559179741697266 -1.7013595594059292 3.726242562086524 50
1.4559179741697266 -1.7013595594059292 3.726242562086524 50
1.455443441259695 -1.7020317788687251 3.729736161046561 50
1.455443441259695 -1.7020317788687251 3.729736161046561 50
1.4549779161071819 -1.7027131792712724 3.733228930244788 50
1.4545211026186944 -1.7034040585759984 3.736720789031039 50
1.4545211026186944 -1.7034040585759984 3.736720789031039 50
1.4540727148799166 -1.7041047245519076 3.74021165597183 50
1.4536324768274682 -1.7048154951685932 3.7437014487501483 50
1.4536324768274682 -1.7048154951685932 3.7437014487501483 50
1.4532001219224453 -1.705536699004333 3.747190084063048 50
1.4532001219224453 -1.705536699004333 3.747190084063048 50
1.4527753928271592 -1.7062686756684986 3.7506774775171414 50
1.4523580410862575 -1.7070117762384436 3.7541635435220746 50
1.4523580410862575 -1.7070117762384436 3.7541635435220746 50
1.4519478268132004 -1.7077663637109883 3.757648195182056 50
1.4515445183828841 -1.7085328134685374 3.7611313441855145 50
1.4515445183828841 -1.7085328134685374 3.7611313441855145 50
1.4511478921310468 -1.7093115137597816 3.764612900692958 50
1.4511478921310468 -1.7093115137597816 3.764612900692958 50
1.4507577320609557 -1.71010286619484 3.7680927732231044 50
1.4503738295577528 -1.7109072862545687 3.77157086853738 50
1.4503738295577528 -1.7109072862545687 3.77157086853738 50
1.4499959831107367 -1.7117252038136312 3.7750470915228798 50
1.4496239980437697 -1.71255706367676 3.77852134507392 50
1.4496239980437697 -1.71255706367676 3.77852134507392 50
1.4492576862539255 -1.7134033261274495 3.7819935299723255 50
1.4488968659584247 -1.714264467488106 3.785463544766639 50
1.4488968659584247 -1.714264467488106 3.785463544766639 50
1.448541361449857 -1.715140980690427 3.7889312856504693 50
1.448541361449857 -1.715140980690427 3.7889312856504693 50
1.4481910028596376 -1.7160333758544963 3.7923966463402485 50
1.447845625929613 -1.7169421808747536 3.795859517952715 50
1.447845625929613 -1.7169421808747536 3.795859517952715 50
1.447505071791694 -1.7178679420106158 3.799319788882511 50
1.4471691867553718 -1.7188112244791056 3.802777344680347 50
1.4471691867553718 -1.7188112244791056 3.802777344680347 50
1.4468378221029516 -1.7197726130463507 3.806232067932273 50
1.44651083389232 -1.7207527126142657 3.8096838381406966 50
1.44651083389232 -1.7207527126142657 3.8096838381406966 50
1.4461880827670488 -1.7217521487981082 3.813132531607875 50
1.445869433773632 -1.7227715684898872 3.8165780213227607 50
1.445869433773632 -1.7227715684898872 3.8165780213227607 50
1.445554756185641 -1.7238116404018167 3.820020176852187 50
1.445554756185641 -1.7238116404018167 3.820020176852187 50
1.4452439233345822 -1.7248730555831122 3.823458864237554 50
1.4449368124472333 -1.7259565279024307 3.826893945898336 50
1.4449368124472333 -1.7259565279024307 3.826893945898336 50
1.4446333044892394 -1.7270627944871408 3.830325280543933 50
1.4443332840147474 -1.728192616109372 3.833752723095592 50
1.4443332840147474 -1.728192616109372 3.833752723095592 50
1.4440366390218562 -1.7293467775074134 3.8371761246203717 50
1.4437432608136687 -1.7305260876295174 3.840595332279382 50
1.4437432608136687 -1.7305260876295174 3.840595332279382 50
1.4434530438647277 -1.7317313797854805 3.844010189292813 50
1.4431658856926295 -1.7329635116895494 3.847420534924591 50
1.4431658856926295 -1.7329635116895494 3.847420534924591 50
1.4428816867346055 -1.7342233653761898 3.8508262044898465 50
1.4426003502288738 -1.7355118469680844 3.854227029388742 50
1.4426003502288738 -1.7355118469680844 3.854227029388742 50
1.442321782100563 -1.7368298862733866 3.8576228371706183 50
1.4420458908520188 -1.7381784361867418 3.861013451632851 50
1.4420458908520188 -1.7381784361867418 3.861013451632851 50
1.44177258745731 -1.7395584718659285 3.86439869295926 50
1.4415017852607503 -1.7409709896531655 3.8677783779034063 50
1.4412333998792697 -1.7424170057072235 3.871152320022599 50
1.4412333998792697 -1.7424170057072235 3.871152320022599 50
1.4409673491084607 -1.743897554309489 3.8745203299689672 50
1.4407035528321424 -1.7454136858041327 3.8778822158444504 50
1.4407035528321424 -1.7454136858041327 3.8778822158444504 50
1.4404419329352842 -1.746966464129573 3.8812377836270864 50
1.4401824132201393 -1.74855696389562 3.884586837676459 50
1.4401824132201393 -1.74855696389562 3.884586837676459 50
1.4399249193254415 -1.7501862669581147 3.887929181326613 50
1.4396693786485284 -1.7518554584407116 3.89126461757513 50
1.4394157202702524 -1.7535656221518292 3.894592949877352 50
1.4394157202702524 -1.7535656221518292 3.894592949877352 50
1.4391638748825535 -1.7553178353439385 3.8979139830548974 50
1.4389137747185674 -1.757113162762488 3.9012275243276204 50
1.4389137747185674 -1.757113162762488 3.9012275243276204 50
1.43866535348515 -1.7589526499331587 3.904533384477951 50
1.4384185462977004 -1.7608373156391037 3.9078313791560775 50
1.4381732896171773 -1.762768143544702 3.9111213303336365 50
1.4381732896171773 -1.762768143544702 3.9111213303336365 50
1.4379295211891938 -1.7647460729294986 3.9144030679124016 50
1.437687179985096 -1.766771988505823 3.917676431492822 50
1.4374462061449211 -1.7688467093064446 3.9209412723051273 50
1.4374462061449211 -1.7688467093064446 3.9209412723051273 50
1.4372065409221426 -1.770970976644927 3.924197455302963 50
1.4369681266301104 -1.773145441171436 3.9274448614161552 50
1.436730906590098 -1.7753706490708685 3.9306833899551212 50
1.436730906590098 -1.7753706490708685 3.9306833899551212 50
1.4364948250808711 -1.777647027478505 3.9339129611546295 50
1.436259827289697 -1.779974869220907 3.9371335188390817 50
1.4360258592647146 -1.7823543170262819 3.9403450331852325 50
1.4357928678685907 -1.784785347388562 3.9435475035513807 50
1.4357928678685907 -1.784785347388562 3.9435475035513807 50
1.4355608007333867 -1.787267754312159 3.9467409613346534 50
1.4353296062165666 -1.7898011332086408 3.9499254728102953 50
1.4350992333580772 -1.7923848652608392 3.9531011418990585 50
1.4348696318384326 -1.795018102612173 3.9562681128012507 50
1.4346407519377409 -1.797699754776899 3.9594265724291073 50
1.4346407519377409 -1.797699754776899 3.9594265724291073 50
1.4344125444956084 -1.8004284766978385 3.9625767525633746 50
1.4341849608718624 -1.8032026588989574 3.965718931655835 50
1.4339579529080313 -1.8060204201879293 3.968853436197519 50
1.4337314728895274 -1.8088796033555963 3.9719806415730323 50
1.4335054735084736 -1.8117777742924983 3.9751009723252637 50
1.433279907827121 -1.8147122248954757 3.9782149017621364 50
1.433279907827121 -1.8147122248954757 3.9782149017621364 50
1.4330547292418039 -1.817679980068814 3.981322950848163 50
1.4328298914473785 -1.8206778090347284 3.9844256863384953 50
1.4326053484020957 -1.8237022410588537 3.987523718131613 50
1.4323810542928557 -1.8267495855709845 3.990617695838346 50
1.4321569635007965 -1.829815956524334 3.993708304588792 50
1.431933030567166 -1.8328973006940645 3.996796260123885 50
1.4317092101594302 -1.8359894294749326 3.999882303243649 50
1.4314854570375686 -1.8390880536061955 4.002967193708232 50
1.4312617260205107 -1.8421888201371686 4.006051703709241 50
1.4312617260205107 -1.8421888201371686 4.006051703709241 50
1.4310379719526656 -1.8452873508559908 4.009136611046417 50
1.4308141496704974 -1.8483792813430833 4.012222692157153 50
1.4305902139690998 -1.8514602997834668 4.015310715152998 50
1.4303661195687247 -1.854526184680429 4.018401433017545 50
1.430141821081215 -1.8575728406564997 4.021495577114089 50
1.4299172729762963 -1.8605963316035468 4.024593851139309 50
1.4296924295476812 -1.8635929105472302 4.027696925642004 50
1.4294672448789352 -1.8665590457156211 4.030805433204397 50
1.4292416728090604 -1.869491442440103 4.033919964359247 50
1.4292416728090604 -1.869491442440103 4.033919964359247 50
1.4290156668977445 -1.8723870606608721 4.037041064290182 50
1.428789180390228 -1.8752431279518889 4.040169230336825 50
1.4285621661817385 -1.878057148114164 4.043304910301581 50
1.4283345767814433 -1.8808269055062103 4.046448501532618 50
1.4281063642758642 -1.8835504653821773 4.049600350738246 50
1.4278774802917074 -1.886226170589043 4.052760754472335 50
1.4278774802917074 -1.886226170589043 4.052760754472335 50
1.427647875958048 -1.8888526350332238 4.05592996021872 50
1.4274175018678206 -1.891428734364356 4.059108167994815 50
1.4271863080385534 -1.8939535943413017 4.062295532390658 50
1.4269542438722917 -1.8964265773448652 4.065492164958985 50
1.4269542438722917 -1.8964265773448652 4.065492164958985 50
1.4267212581146491 -1.8988472674861567 4.068698136874121 50
1.4264872988129258 -1.9012154547320628 4.071913481782056 50
1.4262523132732305 -1.9035311184330272 4.0751381987703 50
1.426016248016541 -1.9057944105962592 4.078372255393605 50
1.426016248016541 -1.9057944105962592 4.078372255393605 50
1.425779048733636 -1.9080056392022113 4.081615590699783 50
1.4255406602388283 -1.9101652518160013 4.08486811820824 50
1.4253010264224295 -1.9122738197001965 4.088129728802189 50
1.4253010264224295 -1.9122738197001965 4.088129728802189 50
1.4250600902018686 -1.9143320225924807 4.091400293503395 50
1.4248177934713917 -1.9163406342721574 4.094679666105698 50
1.4245740770502602 -1.918300509003895 4.097967685650171 50
1.4245740770502602 -1.918300509003895 4.097967685650171 50
1.4243288806293672 -1.920212568915885 4.101264178730653 50
1.4240821427161852 -1.9220777923428074 4.10456896162342 50
1.4238338005779567 -1.9238972031415251 4.107881842239029 50
1.4238338005779567 -1.9238972031415251 4.107881842239029 50
1.4235837901830386 -1.9256718609690806 4.1112026218978155 50
1.4233320461403005 -1.9274028524979525 4.114531096933364 50
1.4233320461403005 -1.9274028524979525 4.114531096933364 50
1.4230785016364822 -1.9290912835323077 4.117867060130348 50
1.422823088371406 -1.930738271980711 4.121210302004793 50
1.4225657364909372 -1.9323449416350251 4.1245606119358795 50
1.4225657364909372 -1.9323449416350251 4.1245606119358795 50
1.422306374517584 -1.933912416701653 4.1279177791591355 50
1.4220449292786197 -1.9354418170294472 4.13128159363122 50
1.4220449292786197 -1.9354418170294472 4.13128159363122 50
1.4217813258316119 -1.9369342539782368 4.134651846776608 50
1.4215154873872313 -1.9383908268726526 4.1380283321263525 50
1.4215154873872313 -1.9383908268726526 4.1380283321263525 50
1.4212473352292174 -1.9398126199875405 4.141410845858844 50
1.4209767886313636 -1.9412007000134976 4.144799187252039 50
1.4209767886313636 -1.9412007000134976 4.144799187252039 50
1.420703764771389 -1.942556113953764 4.148193159056178 50
1.420428178641553 -1.9438798874066876 4.151592567795436 50
1.420428178641553 -1.9438798874066876 4.151592567795436 50
1.4201499429558673 -1.94517302319115 4.15499722400637 50
1.4198689680537533 -1.9464365002755537 4.158406942420432 50
1.4198689680537533 -1.9464365002755537 4.158406942420432 50
1.4195851617999886 -1.947671272974196 4.16182154209723 50
1.419298429480783 -1.9488782703779897 4.165240846514612 50
1.419298429480783 -1.9488782703779897 4.165240846514612 50
1.4190086736958185 -1.9500583959895181 4.168664683621109 50
1.4187157942460809 -1.9512125275352932 4.172092885855724 50
1.4187157942460809 -1.9512125275352932 4.172092885855724 50
1.4184196880173128 -1.9523415169307863 4.175525290139563 50
1.4181202488589064 -1.9534461903763436 4.178961737843312 50
1.4181202488589064 -1.9534461903763436 4.178961737843312 50
1.4178173674580556 -1.9545273485644297 4.1824020747341555 50
1.4175109312089822 -1.955585766980811 4.1858461509053155 50
1.4175109312089822 -1.955585766980811 4.1858461509053155 50
1.4172008240770486 -1.9566221962842607 4.189293820691018 50
1.4168869264575674 -1.9576373627511676 4.1927449425693775 50
1.4168869264575674 -1.9576373627511676 4.1927449425693775 50
1.4165691150291162 -1.9586319687730656 4.196199379055373 50
1.4162472626011673 -1.9596066933965706 4.1996569965858255 50
1.4162472626011673 -1.9596066933965706 4.1996569965858255 50
1.4159212379558432 -1.960562192896541 4.203117665398032 50
1.4155909056836087 -1.9614991013744654 4.206581259403509 50
1.4155909056836087 -1.9614991013744654 4.206581259403509 50
1.4152561260127174 -1.9624180313751405 4.210047656058072 50
1.4152561260127174 -1.9624180313751405 4.210047656058072 50
1.414916754632236 -1.9633195745156586 4.213516736229347 50
1.414572642508475 -1.9642043021215532 4.2169883840626134 50
1.414572642508475 -1.9642043021215532 4.2169883840626134 50
1.4142236356946696 -1.9650727658657057 4.220462486845771 50
1.4138695751337664 -1.9659254984062724 4.223938934874084 50
1.4138695751337664 -1.9659254984062724 4.223938934874084 50
1.4135102964541886 -1.9667630140204713 4.227417621315269 50
1.4131456297584741 -1.96758580923158 4.230898442075387 50
1.4131456297584741 -1.96758580923158 4.230898442075387 50
1.4127753994047085 -1.9683943634269436 4.234381295665921 50
1.4127753994047085 -1.9683943634269436 4.234381295665921 50
1.4123994237807036 -1.9691891394651826 4.237866083072375 50
1.4120175150709127 -1.9699705842711355 4.241352707624625 50
1.4120175150709127 -1.9699705842711355 4.241352707624625 50
1.4116294790161157 -1.970739129417363 4.244841074869253 50
1.4112351146659619 -1.9714951916913055 4.248331092444025 50
1.4112351146659619 -1.9714951916913055 4.248331092444025 50
1.4108342141245176 -1.9722391736474005 4.251822669954636 50
1.4108342141245176 -1.9722391736474005 4.251822669954636 50
1.410426562289039 -1.9729714641436669 4.255315718853834 50
1.4100119365822743 -1.9736924388624195 4.258810152322998 50
1.4100119365822743 -1.9736924388624195 4.258810152322998 50
1.4095901066786933 -1.974402460814928 4.262305885156243 50
1.4091608342251585 -1.975101880829942 4.265802833647087 50
1.4091608342251585 -1.975101880829942 4.265802833647087 50
1.4087238725566753 -1.9757910380261183 4.269300915477744 50
1.4087238725566753 -1.9757910380261183 4.269300915477744 50
1.4082789664080093 -1.9764702602684607 4.272800049611071 50
1.407825851622128 -1.977139864608961 4.2763001561852265 50
1.407825851622128 -1.977139864608961 4.2763001561852265 50
1.4073642548566117 -1.9778001577116842 4.2798011564110805 50
1.4068938932894042 -1.9784514362625916 4.2833029724724465 50
1.4068938932894042 -1.9784514362625916 4.2833029724724465 50
1.406414474325519 -1.9790939873644346 4.2868055274292045 50
1.406414474325519 -1.9790939873644346 4.2868055274292045 50
1.4059256953065966 -1.9797280889170785 4.290308745123421 50
1.4054272432255355 -1.9803540099836447 4.293812550088575 50
1.4054272432255355 -1.9803540099836447 4.293812550088575 50
1.404918794448769 -1.9809720111428755 4.297316867462041 50
1.4044000144491737 -1.9815823448281367 4.3008216229010205 50
1.4044000144491737 -1.9815823448281367 4.3008216229010205 50
1.4038705575530417 -1.9821852556534845 4.304326742502114 50
1.4038705575530417 -1.9821852556534845 4.304326742502114 50
1.403330066705065 -1.9827809807272263 4.307832152724819 50
1.4027781732558395 -1.9833697499534058 4.311337780319257 50
1.4027781732558395 -1.9833697499534058 4.311337780319257 50
1.402214496777031 -1.9839517863216434 4.314843552258485 50
1.402214496777031 -1.9839517863216434 4.314843552258485 50
1.4016386449100435 -1.9845273061857591 4.318349395675825 50
1.401050213254804 -1.985096519531599 4.321855237807701 50
1.401050213254804 -1.985096519531599 4.321855237807701 50
1.4004487853061205 -1.9856596302344793 4.325361005942546 50
1.3998339324460103 -1.9862168363066577 4.328866627376431 50
1.3998339324460103 -1.9862168363066577 4.328866627376431 50
1.3992052140013993 -1.986768330135228 4.33237202937615 50
1.3992052140013993 -1.986768330135228 4.33237202937615 50
1.3985621773776977 -1.9873142987108274 4.335877139150583 50
1.3979043582799375 -1.9878549238475347 4.339381883831284 50
1.3979043582799375 -1.9878549238475347 4.339381883831284 50
1.3972312810344216 -1.988390382394327 4.342886190463333 50
1.3965424590251738 -1.9889208464384522 4.346389986007599 50
1.3965424590251738 -1.9889208464384522 4.346389986007599 50
1.395837395260885 -1.9894464835010635 4.349893197355719 50
1.395837395260885 -1.9894464835010635 4.349893197355719 50
1.3951155830895046 -1.9899674567254468 4.35339575135918 50
1.3943765070791172 -1.990483925058171 4.356897574874053 50
1.3943765070791172 -1.990483925058171 4.356897574874053 50
1.3936196440852255 -1.9909960434234666 4.360398594823047 50
1.3928444645260252 -1.9915039628911382 4.363898738276665 50
1.3928444645260252 -1.9915039628911382 4.363898738276665 50
1.3920504338886222 -1.9920078308382998 4.367397932555397 50
1.3920504338886222 -1.9920078308382998 4.367397932555397 50
1.3912370144903818 -1.9925077911052134 4.370896105354944 50
1.390403667520625 -1.993003984145499 4.374393184896627 50
1.390403667520625 -1.993003984145499 4.374393184896627 50
1.3895498553886052 -1.9934965471709778 4.377889100105121 50
1.3886750444040343 -1.9939856142913972 4.381383780815768 50
1.3886750444040343 -1.9939856142913972 4.381383780815768 50
1.3877787078162218 -1.994471316649277 4.38487715801365 50
1.3877787078162218 -1.994471316649277 4.38487715801365 50
1.3868603292370383 -1.9949537825501085 4.388369164106577 50
1.3859194064712412 -1.9954331375881318 4.391859733234 50
1.3859194064712412 -1.9954331375881318 4.391859733234 50
1.3849554557750392 -1.9959095047678987 4.395348801613638 50
1.3839680165599355 -1.996383004621834 4.3988363079273105 50
1.3839680165599355 -1.996383004621834 4.3988363079273105 50
1.3829566565536902 -1.996853755323988 4.402322193747022 50
1.3829566565536902 -1.996853755323988 4.402322193747022 50
1.381920977423472 -1.9973218728001725 4.405806404001794 50
1.3808606208577623 -1.9977874708346646 4.409288887485036 50
1.3808606208577623 -1.9977874708346646 4.409288887485036 50
1.3797752750931511 -1.9982506611736521 4.412769597401361 50
1.378664681859712 -1.9987115536255935 4.416248491950726 50
1.378664681859712 -1.9987115536255935 4.416248491950726 50
1.3775286437041012 -1.9991702561586528 4.419725534946532 50
1.3775286437041012 -1.9991702561586528 4.419725534946532 50
1.3763670316329115 -1.9996268749953698 4.423200696462936 50
1.3751797930002572 -2.000081514704717 4.4266739535050235 50
1.3751797930002572 -2.000081514704717 4.4266739535050235 50
1.3739669595433563 -2.0005342782916893 4.430145290693784 50
1.3727286554484261 -2.000985267284571 4.43361470095597 50
1.3727286554484261 -2.000985267284571 4.43361470095597 50
1.371465105307148 -2.001434581820011 4.437082186207013 50
1.3701766418021173 -2.0018823207260485 4.4405477580132535 50
1.3701766418021173 -2.0018823207260485 4.4405477580132535 50
1.368863712939086 -2.0023285816032086 4.4440114382179114 50
1.368863712939086 -2.0023285816032086 4.4440114382179114 50
1.3675268886256602 -2.0027734609037964 4.447473259513571 50
1.366166866381811 -2.003217054009511 4.450933265942619 50
1.366166866381811 -2.003217054009511 4.450933265942619 50
1.3647844759585732 -2.0036594553074942 4.454391513306166 50
1.3633806826391495 -2.0041007582649324 4.457848069461612 50
1.3633806826391495 -2.0041007582649324 4.457848069461612 50
1.3619565890027274 -2.0045410555023158 4.461303014489377 50
1.3605134349468495 -2.0049804388654704 4.464756440710447 50
1.3605134349468495 -2.0049804388654704 4.464756440710447 50
1.359052595790004 -2.005418999496464 4.4682084525384145 50
1.3575755783125745 -2.005856827903493 4.471659166152652 50
1.3575755783125745 -2.005856827903493 4.471659166152652 50
1.3560840146411222 -2.006294014029848 4.475108708983143 50
1.3545796539371788 -2.006730647322061 4.478557219002222 50
1.3545796539371788 -2.006730647322061 4.478557219002222 50
1.353064351915546 -2.0071668167973282 4.482004843823963 50
1.353064351915546 -2.0071668167973282 4.482004843823963 50
1.3515400582860249 -2.0076026111103107 4.485451739617896 50
1.3500088022833936 -2.008038118619399 4.48889806985003 50
1.3500088022833936 -2.008038118619399 4.48889806985003 50
1.3484726765197106 -2.008473427452546 4.492344003870286 50
1.3469338194567981 -2.008908625572752 4.495789715371337 50
1.3469338194567981 -2.008908625572752 4.495789715371337 50
1.345394396851311 -2.009343800843299 4.499235380748847 50
1.3438565825667255 -2.0097790410928256 4.502681177397247 50
1.3438565825667255 -2.0097790410928256 4.502681177397247 50
1.3423225391732048 -2.0102144341803303 4.506127281977867 50
1.3407943987658362 -2.0106500680602 4.509573868697583 50
1.3407943987658362 -2.0106500680602 4.509573868697583 50
1.3392742444235466 -2.0110860308473506 4.513021107635806 50
1.3377640927055645 -2.0115224108825687 4.5164691631558185 50
1.3377640927055645 -2.0115224108825687 4.5164691631558185 50
1.3362658775412573 -2.011959296798155 4.519918192433162 50
1.3362658775412573 -2.011959296798155 4.519918192433162 50
1.3347814358151107 -2.0123967775839513 4.523368344129267 50
1.3333124948848654 -2.0128349426538508 4.526819757233017 50
1.3333124948848654 -2.0128349426538508 4.526819757233017 50
1.331860662201147 -2.0132738819128817 4.530272560086855 50
1.3304274171251937 -2.013713685824962 4.533726869607622 50
1.3304274171251937 -2.013713685824962 4.533726869607622 50
1.3290141049712123 -2.0141544454814193 4.537182790706007 50
1.3276219332347285 -2.0145962526703753 4.540640415902489 50
1.3276219332347285 -2.0145962526703753 4.540640415902489 50
1.3262519699106714 -2.015039199947092 4.54409982513232 50
1.3249051437567314 -2.015483380705382 4.547561085727521 50
1.3249051437567314 -2.015483380705382 4.547561085727521 50
1.3235822463198594 -2.015928889250189 4.551024252560252 50
1.3222839355169826 -2.0163758208714384 4.554489368329253 50
1.3222839355169826 -2.0163758208714384 4.554489368329253 50
1.3210107405448164 -2.01682427191927 4.557956463969375 50
1.3210107405448164 -2.01682427191927 4.557956463969375 50
1.3197630678872088 -2.017274339880764 4.561425559163421 50
1.318541208190577 -2.0177261234582726 4.564896662935543 50
1.318541208190577 -2.0177261234582726 4.564896662935543 50
1.3173453437872036 -2.018179722649472 4.568369774306125 50
1.3161755566609465 -2.01863523882926 4.571844882989319 50
1.3161755566609465 -2.01863523882926 4.571844882989319 50
1.3150318366686977 -2.0190927748336183 4.575321970116006 50
1.3139140898523014 -2.01955243504557 4.57880100896687 50
1.3139140898523014 -2.01955243504557 4.57880100896687 50
1.312822146698308 -2.0200143254833627 4.582281965702276 50
1.312822146698308 -2.0200143254833627 4.582281965702276 50
1.3117557702258376 -2.020478553891016 4.585764800077734 50
1.3107146638050724 -2.0209452298313657 4.5892494661357635 50
1.3107146638050724 -2.0209452298313657 4.5892494661357635 50
1.3096984786298669 -2.021414464781763 4.592735912866882 50
1.3087068207871584 -2.021886372232567 4.596224084834238 50
1.3087068207871584 -2.021886372232567 4.596224084834238 50
1.3077392578830418 -2.022361067788595 4.599713922757974 50
1.3077392578830418 -2.022361067788595 4.599713922757974 50
1.3067953252003637 -2.0228386692736873 4.603205364056841 50
1.3058745313754931 -2.0233192968385554 4.606698343345731 50
1.3058745313754931 -2.0233192968385554 4.606698343345731 50
1.3049763635925986 -2.0238030730720875 4.61019279288886 50
1.3041002923024307 -2.024290123116291 4.613688643009082 50
1.3041002923024307 -2.024290123116291 4.613688643009082 50
1.3032457754794622 -2.0247805747850585 4.6171858224545215 50
1.3032457754794622 -2.0247805747850585 4.6171858224545215 50
1.302412262436454 -2.025274558686952 4.620684258724163 50
1.3015991972193182 -2.0257722083522047 4.6241838783544305 50
1.3015991972193182 -2.0257722083522047 4.6241838783544305 50
1.3008060216077262 -2.026273660364153 4.627684607169012 50
1.3000321777484802 -2.026779054495308 4.631186370494357 50
1.3000321777484802 -2.026779054495308 4.631186370494357 50
1.2992771104493857 -2.027288533848301 4.634689093343331 50
1.2992771104493857 -2.027288533848301 4.634689093343331 50
1.2985402691614167 -2.0278022450019244 4.638192700569537 50
1.297821109676489 -2.028320338162521 4.641697116994754 50
1.297821109676489 -2.028320338162521 4.641697116994754 50
1.2971190955672736 -2.028842967320964 4.645202267511885 50
1.2964336993943175 -2.0293702904154904 4.648708077165672 50
1.2964336993943175 -2.0293702904154904 4.648708077165672 50
1.2957644037043479 -2.0299024695006556 4.6522144712133455 50
1.2957644037043479 -2.0299024695006556 4.6522144712133455 50
1.295110701842139 -2.0304396709226866 4.655721375167196 50
1.2944720985967328 -2.03098206550152 4.659228714820939 50
1.2944720985967328 -2.03098206550152 4.659228714820939 50
1.2938481107012032 -2.0315298287198256 4.6627364162615885 50
1.2938481107012032 -2.0315298287198256 4.6627364162615885 50
1.2932382672035667 -2.0320831409193127 4.666244405868388 50
1.2926421097248904 -2.0326421875046443 4.669752610300234 50
1.2926421097248904 -2.0326421875046443 4.669752610300234 50
1.292059192619163 -2.033207159155274 4.6732609564728715 50
1.291489083048086 -2.033778252045543 4.676769371526993 50
1.291489083048086 -2.033778252045543 4.676769371526993 50
1.2909313609826156 -2.034355668073379 4.6802777827883 50
1.2909313609826156 -2.034355668073379 4.6802777827883 50
1.2903856191418464 -2.034939615097939 4.6837861177204045 50
1.2898514628786957 -2.0355303071865576 4.6872943038714014 50
1.2898514628786957 -2.0355303071865576 4.6872943038714014 50
1.2893285100207874 -2.0361279648713624 4.690802268814802 50
1.2888163906739758 -2.0367328154159146 4.694309940085459 50
1.2888163906739758 -2.0367328154159146 4.694309940085459 50
1.2883147469950802 -2.0373450930922554 4.697817245111008 50
1.2883147469950802 -2.0373450930922554 4.697817245111008 50
1.2878232329396042 -2.0379650394687205 4.701324111139304 50
1.2873415139895004 -2.0385929037088997 4.704830465162239 50
1.2873415139895004 -2.0385929037088997 4.704830465162239 50
1.286869266865402 -2.039228942882107 4.708336233836292 50
1.286869266865402 -2.039228942882107 4.708336233836292 50
1.286406179227163 -2.039873422285726 4.71184134340009 50
1.2859519493660378 -2.0405266157797826 4.715345719589237 50
1.2859519493660378 -2.0405266157797826 4.715345719589237 50
1.285506285891372 -2.04118880613409 4.7188492875486 50
1.2850689074142703 -2.041860285388288 4.722351971742234 50
1.2850689074142703 -2.041860285388288 4.722351971742234 50
1.2846395422303474 -2.042541355225078 4.725853695861089 50
1.2846395422303474 -2.042541355225078 4.725853695861089 50
1.2842179280033488 -2.0432323273569306 4.729354382728598 50
1.28380381145115 -2.0439335239264977 4.732853954204274 50
1.28380381145115 -2.0439335239264977 4.732853954204274 50
1.283396948035397 -2.044645277920931 4.736352331085371 50
1.28299710165583 -2.0453679336002404 4.739849433006701 50
1.28299710165583 -2.0453679336002404 4.739849433006701 50
1.2826040443501523 -2.0461018469397727 4.743345178338673 50
1.2826040443501523 -2.0461018469397727 4.743345178338673 50
1.2822175560001337 -2.046847386086814 4.7468394840836075 50
1.2818374240444999 -2.0476049318312244 4.7503322657704095 50
1.2818374240444999 -2.0476049318312244 4.7503322657704095 50
1.2814634431990335 -2.048374878089909 4.753823437347669 50
1.2810954151842056 -2.049157632404814 4.757312911075274 50
1.2810954151842056 -2.049157632404814 4.757312911075274 50
1.2807331484605646 -2.049953616453974 4.760800597414646 50
1.2807331484605646 -2.049953616453974 4.760800597414646 50
1.2803764579720318 -2.050763266574992 4.76428640491772 50
1.280025164897181 -2.0515870343001152 4.767770240114816 50
1.280025164897181 -2.0515870343001152 4.767770240114816 50
1.2796790964085292 -2.0524253869018665 4.771252007401597 50
1.2793380854398104 -2.05327880794792 4.774731608925336 50
1.2793380854398104 -2.05327880794792 4.774731608925336 50
1.2790019704611681 -2.0541477978636187 4.778208944470753 50
1.2786705952621666 -2.0550328745001964 4.781683911345765 50
1.2786705952621666 -2.0550328745001964 4.781683911345765 50
1.2783438087424934 -2.0559345737063737 4.785156404267515 50
1.2783438087424934 -2.0559345737063737 4.785156404267515 50
1.2780214647102037 -2.0568534499005637 4.788626315249164 50
1.277703421687337 -2.057790076640427 4.792093533487965 50
1.277703421687337 -2.057790076640427 4.792093533487965 50
1.2773895427227238 -2.0587450471859436 4.795557945255273 50
1.2770796952117875 -2.0597189750515357 4.7990194337892165 50
1.2770796952117875 -2.0597189750515357 4.7990194337892165 50
1.276773750723142 -2.0607124945420594 4.80247787919091 50
1.276471584831772 -2.061726261266668 4.805933158325182 50
1.276471584831772 -2.061726261266668 4.805933158325182 50
1.2761730769585895 -2.062760952623649 4.809385144726981 50
1.2761730769585895 -2.062760952623649 4.809385144726981 50
1.2758781102161492 -2.0638172682483176 4.812833708514776 50
1.27558657126031 -2.06489593041493 4.816278716312439 50
1.27558657126031 -2.06489593041493 4.816278716312439 50
1.2752983501476303 -2.0659976843823062 4.819720031181346 50
1.2750133401982824 -2.0671232986714805 4.823157512564622 50
1.2750133401982824 -2.0671232986714805 4.823157512564622 50
1.274731437864282 -2.068273565262147 4.826591016245747 50
1.2744525426028235 -2.0694492996929887 4.830020394323989 50
1.2744525426028235 -2.0694492996929887 4.830020394323989 50
1.2741765567545222 -2.0706513410491323 4.8334454952094665 50
1.2739033854263664 -2.071880551817954 4.836866163640954 50
1.2739033854263664 -2.071880551817954 4.836866163640954 50
1.2736329363791863 -2.0731378175923014 4.840282240729914 50
1.273365119919456 -2.0744240465978443 4.8436935640346395 50
1.273365119919456 -2.0744240465978443 4.8436935640346395 50
1.2730998487952432 -2.075740169018786 4.847099967668768 50
1.2728370380961347 -2.0770871360935232 4.850501282448924 50
1.2728370380961347 -2.0770871360935232 4.850501282448924 50
1.2725766051569642 -2.078465918949081 4.8538973360866375 50
1.2723184694651803 -2.0798775071403126 4.857287953430224 50
1.2723184694651803 -2.0798775071403126 4.857287953430224 50
1.272062552571692 -2.0813229068569425 4.86067295676275 50
1.2718087780050422 -2.0828031387586456 4.864052166162703 50
1.2718087780050422 -2.0828031387586456 4.864052166162703 50
1.2715570711887576 -2.084319235395566 4.867425399934462 50
1.2713073593617323 -2.0858722381690398 4.870792475116098 50
1.27105957150151 -2.08746319378498 4.8741532080724195 50
1.27105957150151 -2.08746319378498 4.8741532080724195 50
1.2708136382503277 -2.0890931501504975 4.877507415181512 50
1.270569491843798 -2.0907631516630873 4.880854913623242 50
1.270569491843798 -2.0907631516630873 4.880854913623242 50
1.2703270660421033 -2.092474233841284 4.884195522278266 50
1.2700862960635855 -2.094227417246339 4.887529062746024 50
1.2700862960635855 -2.094227417246339 4.887529062746024 50
1.2698471185206173 -2.096023700646483 4.890855360489882 50
1.2696094713576447 -2.0978640533789914 4.894174246117004 50
1.2693732937912976 -2.0997494068709455 4.897485556799664 50
1.2693732937912976 -2.0997494068709455 4.897485556799664 50
1.2691385262524644 -2.101680645287611 4.900789137843393 50
1.2689051103302353 -2.1036585952881492 4.904084844405644 50
1.2686729887176207 -2.105684014882276 4.90737254336639 50
1.2686729887176207 -2.105684014882276 4.90737254336639 50
1.2684421051589523 -2.107757581398865 4.91065211534928 50
1.2682124043988832 -2.1098798785986568 4.913923456888501 50
1.2679838321329007 -2.11205138298838 4.9171864827323954 50
1.2679838321329007 -2.11205138298838 4.9171864827323954 50
1.2677563349592729 -2.1142724494228093 4.920441128270098 50
1.26752986033235 -2.116543296114506 4.92368735206195 50
1.2673043565171476 -2.118863989207857 4.926925138448376 50
1.2673043565171476 -2.118863989207857 4.926925138448376 50
1.2670797725451364 -2.1212344271140027 4.930154500205199 50
1.2668560581711719 -2.1236543248453312 4.93337548120636 50
1.2666331638314936 -2.1261231986312072 4.936588159047681 50
1.266411040602731 -2.1286403511387078 4.939792647578149 50
1.266411040602731 -2.1286403511387078 4.939792647578149 50
1.2661896401618498 -2.131204857661355 4.942989099278357 50
1.265968914746981 -2.1338155536726617 4.946177707419757 50
1.2657488171190698 -2.1364710241670095 4.949358707933607 50
1.2655293005242878 -2.1391695952250678 4.9525323809154935 50
1.2653103186571528 -2.14190932824171 4.955699051690538 50
1.2653103186571528 -2.14190932824171 4.955699051690538 50
1.2650918256243004 -2.1446880172385137 4.958859091366335 50
1.2648737759088546 -2.147503189648238 4.962012916805729 50
1.2646561243353438 -2.150352110903709 4.965160989960009 50
1.2644388260351127 -2.153231793087887 4.968303816515103 50
